-59,13386
-56,0
-56,0
-56,0
-56,0
-56,0
-56,0
-56,0
-56,0
-56,0
-56,0
-56,0
-10,51572
-56,0
-9,32051
-56,0
-56,0
-56,0
-56,0
-56,0
-56,0
-56,0
-56,0
-56,0
-56,0
-56,0
-56,0
-56,0
-56,0
-56,0
-56,0
-56,0
-56,0
-9,29410
-56,0
-56,0
-56,0
-56,0
-56,0
-56,0
-56,0
-56,0
-56,0
-56,0
-56,0
-56,0
-56,0
-56,0
-56,0
-56,0
-56,0
-56,0
-56,0
-9,31230
-56,0
-56,0
-56,0
-56,0
-56,0
-56,0
-56,0
-56,0
-56,0
-56,0
-56,0
-56,0
-56,0
-56,0
-56,0
-56,0
-56,0
-56,0
-56,0
-9,30025
-56,0
-56,0
-56,0
-56,0
-56,0
-56,0
-56,0
-56,0
-56,0
-56,0
-56,0
-56,0
-56,0
-56,0
-56,0
-56,0
-56,0
-56,0
-56,0
-9,22852
-56,0
-56,0
-56,0
-56,0
-56,0
-56,0
-56,0
-56,0
-56,0
-56,0
-56,0
-56,0
-56,0
-56,0
-56,0
-56,0
-56,0
-56,0
-9,59207
-56,0
-56,0
-56,0
-56,0
-56,0
-56,0
-56,0
-56,0
-56,0
-56,0
-56,0
-56,0
-56,0
-56,0
-56,0
-56,0
-56,0
-56,0
-56,0
-56,0
-9,22479
-56,0
-56,0
-56,0
-56,0
-56,0
-56,0
-56,0
-56,0
-56,0
-56,0
-56,0
-56,0
-56,0
-56,0
-56,0
-56,0
-56,0
-56,0
-56,0
-9,6303
-56,0
-56,0
-56,0
-56,0
-56,0
-56,0
-56,0
-56,0
-56,0
-56,0
-56,0
-56,0
-56,0
-56,0
-56,0
-56,0
-56,0
-56,0
-56,0
-9,6116
-56,0
-56,0
-56,0
-56,0
-56,0
-56,0
-56,0
-56,0
-56,0
-56,0
-56,0
-56,0
-56,0
-56,0
-56,0
-56,0
-56,0
-56,0
-9,53483
-56,0
-56,0
-56,0
-56,0
-56,0
-56,0
-56,0
-56,0
-56,0
-56,0
-56,0
-56,0
-56,0
-56,0
-56,0
-56,0
-56,0
-56,0
-56,0
-9,62287
-56,0
-56,0
-56,0
-56,0
-56,0
-56,0
-56,0
-56,0
-56,0
-56,0
-56,0
-56,0
-56,0
-56,0
-56,0
-56,0
-56,0
-56,0
-56,0
-56,0
-9,14583
-56,0
-56,0
-56,0
-56,0
-56,0
-56,0
-56,0
-56,0
-56,0
-56,0
-56,0
-56,0
-56,0
-56,0
-56,0
-56,0
-56,0
-56,0
-9,61937
-56,0
-56,0
-56,0
-56,0
-56,0
-56,0
-56,0
-56,0
-56,0
-56,0
-56,0
-56,0
-56,0
-56,0
-56,0
-56,0
-56,0
-56,0
-56,0
-9,62755
-56,0
-56,0
-56,0
-56,0
-56,0
-56,0
-56,0
-56,0
-56,0
-56,0
-56,0
-56,0
-56,0
-56,0
-56,0
-56,0
-56,0
-56,0
-56,0
-9,38560
-56,0
-56,0
-56,0
-56,0
-56,0
-56,0
-56,0
-56,0
-56,0
-56,0
-56,0
-56,0
-56,0
-56,0
-56,0
-56,0
-56,0
-56,0
-56,0
-9,30377
-56,0
-56,0
-56,0
-56,0
-56,0
-56,0
-56,0
-56,0
-56,0
-56,0
-56,0
-56,0
-56,0
-56,0
-56,0
-56,0
-56,0
-56,0
-56,0
-9,36195
-56,0
-56,0
-56,0
-56,0
-56,0
-56,0
-56,0
-56,0
-56,0
-56,0
-56,0
-56,0
-56,0
-56,0
-56,0
-56,0
-56,0
-56,0
-56,0
-9,31013
-56,0
-56,0
-56,0
-56,0
-56,0
-56,0
-56,0
-56,0
-56,0
-56,0
-56,0
-56,0
-56,0
-56,0
-56,0
-56,0
-56,0
-56,0
-56,0
-9,54847
-56,0
-56,0
-56,0
-56,0
-56,0
-56,0
-56,0
-56,0
-56,0
-56,0
-56,0
-56,0
-56,0
-56,0
-56,0
-56,0
-56,0
-56,0
-56,0
-9,20658
-56,0
-56,0
-56,0
-56,0
-56,0
-56,0
-56,0
-56,0
-56,0
-56,0
-56,0
-56,0
-56,0
-56,0
-56,0
-56,0
-56,0
-56,0
-56,0
-9,18467
-56,0
-56,0
-56,0
-56,0
-56,0
-56,0
-56,0
-56,0
-56,0
-56,0
-56,0
-56,0
-56,0
-56,0
-56,0
-56,0
-56,0
-56,0
-9,59843
-56,0
-56,0
-56,0
-56,0
-56,0
-56,0
-56,0
-56,0
-56,0
-56,0
-56,0
-56,0
-56,0
-56,0
-56,0
-56,0
-56,0
-56,0
-56,0
-10,60648
-56,0
-56,0
-56,0
-56,0
-56,0
-56,0
-56,0
-56,0
-56,0
-56,0
-56,0
-56,0
-56,0
-56,0
-56,0
-56,0
-56,0
-56,0
-56,0
-9,60458
-56,0
-56,0
-56,0
-56,0
-56,0
-56,0
-56,0
-56,0
-56,0
-56,0
-56,0
-56,0
-56,0
-56,0
-56,0
-56,0
-56,0
-56,0
-56,0
-9,57280
-56,0
-56,0
-56,0
-56,0
-56,0
-56,0
-56,0
-56,0
-56,0
-56,0
-56,0
-56,0
-56,0
-56,0
-56,0
-56,0
-56,0
-56,0
-56,0
-9,38107
-56,0
-56,0
-56,0
-56,0
-56,0
-56,0
-56,0
-56,0
-56,0
-56,0
-56,0
-56,0
-56,0
-56,0
-56,0
-56,0
-56,0
-56,0
-56,0
-9,48913
-56,0
-56,0
-56,0
-56,0
-56,0
-56,0
-56,0
-56,0
-56,0
-56,0
-56,0
-56,0
-56,0
-56,0
-56,0
-56,0
-56,0
-56,0
-56,0
-9,38729
-56,0
-56,0
-56,0
-56,0
-56,0
-56,0
-56,0
-56,0
-56,0
-56,0
-56,0
-56,0
-56,0
-56,0
-56,0
-56,0
-56,0
-56,0
-56,0
-9,44557
-56,0
-56,0
-56,0
-56,0
-56,0
-56,0
-56,0
-56,0
-56,0
-56,0
-56,0
-56,0
-56,0
-56,0
-56,0
-56,0
-56,0
-56,0
-56,0
-9,37375
-56,0
-56,0
-56,0
-56,0
-56,0
-56,0
-56,0
-56,0
-56,0
-56,0
-56,0
-56,0
-56,0
-56,0
-56,0
-56,0
-56,0
-56,0
-56,0
-9,28184
-56,0
-56,0
-56,0
-56,0
-56,0
-56,0
-56,0
-56,0
-56,0
-56,0
-56,0
-56,0
-56,0
-56,0
-56,0
-56,0
-56,0
-56,0
-56,0
-9,22001
-56,0
-56,0
-56,0
-56,0
-56,0
-56,0
-56,0
-56,0
-56,0
-56,0
-56,0
-56,0
-56,0
-56,0
-56,0
-56,0
-56,0
-56,0
-56,0
-9,1837
-56,0
-56,0
-56,0
-56,0
-56,0
-56,0
-56,0
-56,0
-56,0
-56,0
-56,0
-56,0
-56,0
-56,0
-56,0
-56,0
-56,0
-56,0
-56,0
-9,16647
-56,0
-56,0
-56,0
-56,0
-56,0
-56,0
-56,0
-56,0
-56,0
-56,0
-56,0
-56,0
-56,0
-56,0
-56,0
-56,0
-56,0
-56,0
-9,64992
-56,0
-56,0
-56,0
-56,0
-56,0
-56,0
-56,0
-56,0
-56,0
-56,0
-56,0
-56,0
-56,0
-56,0
-56,0
-56,0
-56,0
-56,0
-56,0
-9,41817
-56,0
-56,0
-56,0
-56,0
-56,0
-56,0
-56,0
-56,0
-56,0
-56,0
-56,0
-56,0
-56,0
-56,0
-56,0
-56,0
-56,0
-56,0
-56,0
-56,0
-9,1091
-56,0
-56,0
-56,0
-56,0
-56,0
-56,0
-56,0
-56,0
-56,0
-56,0
-56,0
-56,0
-56,0
-56,0
-56,0
-56,0
-56,0
-56,0
-9,59458
-56,0
-56,0
-56,0
-56,0
-56,0
-56,0
-56,0
-56,0
-56,0
-56,0
-56,0
-56,0
-56,0
-56,0
-56,0
-56,0
-56,0
-56,0
-56,0
-9,33273
-56,0
-56,0
-56,0
-56,0
-56,0
-56,0
-56,0
-56,0
-56,0
-56,0
-56,0
-56,0
-56,0
-56,0
-56,0
-56,0
-56,0
-56,0
-56,0
-9,30092
-56,0
-56,0
-56,0
-56,0
-56,0
-56,0
-56,0
-56,0
-56,0
-56,0
-56,0
-56,0
-56,0
-56,0
-56,0
-56,0
-56,0
-56,0
-56,0
-56,0
-9,1376
-56,0
-56,0
-56,0
-56,0
-56,0
-56,0
-56,0
-56,0
-56,0
-56,0
-56,0
-56,0
-56,0
-56,0
-56,0
-56,0
-56,0
-56,0
-9,31717
-56,0
-56,0
-56,0
-56,0
-56,0
-56,0
-56,0
-56,0
-56,0
-56,0
-56,0
-56,0
-56,0
-56,0
-56,0
-56,0
-56,0
-56,0
-56,0
-9,64551
-56,0
-56,0
-56,0
-56,0
-56,0
-56,0
-56,0
-56,0
-56,0
-56,0
-56,0
-56,0
-56,0
-56,0
-56,0
-56,0
-56,0
-56,0
-56,0
-56,0
-10,29817
-56,0
-56,0
-56,0
-56,0
-56,0
-56,0
-56,0
-56,0
-56,0
-56,0
-56,0
-56,0
-56,0
-56,0
-56,0
-56,0
-56,0
-56,0
-56,0
-9,40651
-56,0
-56,0
-56,0
-56,0
-56,0
-56,0
-56,0
-56,0
-56,0
-56,0
-56,0
-56,0
-56,0
-56,0
-56,0
-56,0
-56,0
-56,0
-56,0
-9,42475
-56,0
-56,0
-56,0
-56,0
-56,0
-56,0
-56,0
-56,0
-56,0
-56,0
-56,0
-56,0
-56,0
-56,0
-56,0
-56,0
-56,0
-56,0
-56,0
-9,24271
-56,0
-56,0
-56,0
-56,0
-56,0
-56,0
-56,0
-56,0
-56,0
-56,0
-56,0
-56,0
-56,0
-56,0
-56,0
-56,0
-56,0
-56,0
-56,0
-9,9089
-56,0
-56,0
-56,0
-56,0
-56,0
-56,0
-56,0
-56,0
-56,0
-56,0
-56,0
-56,0
-56,0
-56,0
-56,0
-56,0
-56,0
-56,0
-56,0
-9,18917
-56,0
-56,0
-56,0
-56,0
-56,0
-56,0
-56,0
-56,0
-56,0
-56,0
-56,0
-56,0
-56,0
-56,0
-56,0
-56,0
-56,0
-56,0
-56,0
-9,9729
-56,0
-56,0
-56,0
-56,0
-56,0
-56,0
-56,0
-56,0
-56,0
-56,0
-56,0
-56,0
-56,0
-56,0
-56,0
-56,0
-56,0
-56,0
-9,50099
-56,0
-56,0
-56,0
-56,0
-56,0
-56,0
-56,0
-56,0
-56,0
-56,0
-56,0
-56,0
-56,0
-56,0
-56,0
-56,0
-56,0
-56,0
-56,0
-9,53899
-56,0
-56,0
-56,0
-56,0
-56,0
-56,0
-56,0
-56,0
-56,0
-56,0
-56,0
-56,0
-56,0
-56,0
-56,0
-56,0
-56,0
-56,0
-56,0
-9,53715
-56,0
-56,0
-56,0
-56,0
-56,0
-56,0
-56,0
-56,0
-56,0
-56,0
-56,0
-56,0
-56,0
-56,0
-56,0
-56,0
-56,0
-56,0
-56,0
-9,49533
-56,0
-56,0
-56,0
-56,0
-56,0
-56,0
-56,0
-56,0
-56,0
-56,0
-56,0
-56,0
-56,0
-56,0
-56,0
-56,0
-56,0
-56,0
-56,0
-9,47351
-56,0
-56,0
-56,0
-56,0
-56,0
-56,0
-56,0
-56,0
-56,0
-56,0
-56,0
-56,0
-56,0
-56,0
-56,0
-56,0
-56,0
-56,0
-56,0
-9,35169
-56,0
-56,0
-56,0
-56,0
-56,0
-56,0
-56,0
-56,0
-56,0
-56,0
-56,0
-56,0
-56,0
-56,0
-56,0
-56,0
-56,0
-56,0
-56,0
-9,39987
-56,0
-56,0
-56,0
-56,0
-56,0
-56,0
-56,0
-56,0
-56,0
-56,0
-56,0
-56,0
-56,0
-56,0
-56,0
-56,0
-56,0
-56,0
-56,0
-9,30805
-56,0
-56,0
-56,0
-56,0
-56,0
-56,0
-56,0
-56,0
-56,0
-56,0
-56,0
-56,0
-56,0
-56,0
-56,0
-56,0
-56,0
-56,0
-56,0
-9,16646
-56,0
-56,0
-56,0
-56,0
-56,0
-56,0
-56,0
-56,0
-56,0
-56,0
-56,0
-56,0
-56,0
-56,0
-56,0
-56,0
-56,0
-56,0
-56,0
-9,32459
-56,0
-56,0
-56,0
-56,0
-56,0
-56,0
-56,0
-56,0
-56,0
-56,0
-56,0
-56,0
-56,0
-56,0
-56,0
-56,0
-56,0
-56,0
-56,0
-9,26274
-56,0
-56,0
-56,0
-56,0
-56,0
-56,0
-56,0
-56,0
-56,0
-56,0
-56,0
-56,0
-56,0
-56,0
-56,0
-56,0
-56,0
-56,0
-9,54634
-56,0
-56,0
-56,0
-56,0
-56,0
-56,0
-56,0
-56,0
-56,0
-56,0
-56,0
-56,0
-56,0
-56,0
-56,0
-56,0
-56,0
-56,0
-56,0
-56,0
-9,8900
-56,0
-56,0
-56,0
-56,0
-56,0
-56,0
-56,0
-56,0
-56,0
-56,0
-56,0
-56,0
-56,0
-56,0
-56,0
-56,0
-56,0
-56,0
-9,49263
-56,0
-56,0
-56,0
-56,0
-56,0
-56,0
-56,0
-56,0
-56,0
-56,0
-56,0
-56,0
-56,0
-56,0
-56,0
-56,0
-56,0
-56,0
-56,0
-56,0
-10,3544
-56,0
-56,0
-56,0
-56,0
-56,0
-56,0
-56,0
-56,0
-56,0
-56,0
-56,0
-56,0
-56,0
-56,0
-56,0
-56,0
-56,0
-56,0
-9,26893
-56,0
-56,0
-56,0
-56,0
-56,0
-56,0
-56,0
-56,0
-56,0
-56,0
-56,0
-56,0
-56,0
-56,0
-56,0
-56,0
-56,0
-56,0
-56,0
-9,44703
-56,0
-56,0
-56,0
-56,0
-56,0
-56,0
-56,0
-56,0
-56,0
-56,0
-56,0
-56,0
-56,0
-56,0
-56,0
-56,0
-56,0
-56,0
-56,0
-56,0
-9,2003
-56,0
-56,0
-56,0
-56,0
-56,0
-56,0
-56,0
-56,0
-56,0
-56,0
-56,0
-56,0
-56,0
-56,0
-56,0
-56,0
-56,0
-56,0
-9,45344
-56,0
-56,0
-56,0
-56,0
-56,0
-56,0
-56,0
-56,0
-56,0
-56,0
-56,0
-56,0
-56,0
-56,0
-56,0
-56,0
-56,0
-56,0
-56,0
-9,53175
-56,0
-56,0
-56,0
-56,0
-56,0
-56,0
-56,0
-56,0
-56,0
-56,0
-56,0
-56,0
-56,0
-56,0
-56,0
-56,0
-56,0
-56,0
-56,0
-9,36989
-56,0
-56,0
-56,0
-56,0
-56,0
-56,0
-56,0
-56,0
-56,0
-56,0
-56,0
-56,0
-56,0
-56,0
-56,0
-56,0
-56,0
-56,0
-56,0
-9,10814
-56,0
-56,0
-56,0
-56,0
-56,0
-56,0
-56,0
-56,0
-56,0
-56,0
-56,0
-56,0
-56,0
-56,0
-56,0
-56,0
-56,0
-56,0
-56,0
-9,14611
-56,0
-56,0
-56,0
-56,0
-56,0
-56,0
-56,0
-56,0
-56,0
-56,0
-56,0
-56,0
-56,0
-56,0
-56,0
-56,0
-56,0
-56,0
-56,0
-9,28438
-56,0
-56,0
-56,0
-56,0
-56,0
-56,0
-56,0
-56,0
-56,0
-56,0
-56,0
-56,0
-56,0
-56,0
-56,0
-56,0
-56,0
-56,0
-56,0
-9,16260
-56,0
-56,0
-56,0
-56,0
-56,0
-56,0
-56,0
-56,0
-56,0
-56,0
-56,0
-56,0
-56,0
-56,0
-56,0
-56,0
-56,0
-56,0
-56,0
-9,9075
-56,0
-56,0
-56,0
-56,0
-56,0
-56,0
-56,0
-56,0
-56,0
-56,0
-56,0
-56,0
-56,0
-56,0
-56,0
-56,0
-56,0
-56,0
-9,60419
-56,0
-56,0
-56,0
-56,0
-56,0
-56,0
-56,0
-56,0
-56,0
-56,0
-56,0
-56,0
-56,0
-56,0
-56,0
-56,0
-56,0
-56,0
-56,0
-9,40249
-56,0
-56,0
-56,0
-56,0
-56,0
-56,0
-56,0
-56,0
-56,0
-56,0
-56,0
-56,0
-56,0
-56,0
-56,0
-56,0
-56,0
-56,0
-56,0
-56,0
-9,8533
-56,0
-56,0
-56,0
-56,0
-56,0
-56,0
-56,0
-56,0
-56,0
-56,0
-56,0
-56,0
-56,0
-56,0
-56,0
-56,0
-56,0
-56,0
-9,35882
-56,0
-56,0
-56,0
-56,0
-56,0
-56,0
-56,0
-56,0
-56,0
-56,0
-56,0
-56,0
-56,0
-56,0
-56,0
-56,0
-56,0
-56,0
-56,0
-9,56707
-56,0
-56,0
-56,0
-56,0
-56,0
-56,0
-56,0
-56,0
-56,0
-56,0
-56,0
-56,0
-56,0
-56,0
-56,0
-56,0
-56,0
-56,0
-56,0
-9,38509
-56,0
-56,0
-56,0
-56,0
-56,0
-56,0
-56,0
-56,0
-56,0
-56,0
-56,0
-56,0
-56,0
-56,0
-56,0
-56,0
-56,0
-56,0
-56,0
-9,47337
-56,0
-56,0
-56,0
-56,0
-56,0
-56,0
-56,0
-56,0
-56,0
-56,0
-56,0
-56,0
-56,0
-56,0
-56,0
-56,0
-56,0
-56,0
-56,0
-9,48155
-56,0
-56,0
-56,0
-56,0
-56,0
-56,0
-56,0
-56,0
-56,0
-56,0
-56,0
-56,0
-56,0
-56,0
-56,0
-56,0
-56,0
-56,0
-56,0
-9,16963
-56,0
-56,0
-56,0
-56,0
-56,0
-56,0
-56,0
-56,0
-56,0
-56,0
-56,0
-56,0
-56,0
-56,0
-56,0
-56,0
-56,0
-56,0
-56,0
-10,26792
-56,0
-56,0
-56,0
-56,0
-56,0
-56,0
-56,0
-56,0
-56,0
-56,0
-56,0
-56,0
-56,0
-56,0
-56,0
-56,0
-56,0
-56,0
-56,0
-9,18599
-56,0
-56,0
-56,0
-56,0
-56,0
-56,0
-56,0
-56,0
-56,0
-56,0
-56,0
-56,0
-56,0
-56,0
-56,0
-56,0
-56,0
-56,0
-56,0
-9,16426
-56,0
-56,0
-56,0
-56,0
-56,0
-56,0
-56,0
-56,0
-56,0
-56,0
-56,0
-56,0
-56,0
-56,0
-56,0
-56,0
-56,0
-56,0
-56,0
-9,17249
-56,0
-56,0
-56,0
-56,0
-56,0
-56,0
-56,0
-56,0
-56,0
-56,0
-56,0
-56,0
-56,0
-56,0
-56,0
-56,0
-56,0
-56,0
-56,0
-9,1062
-56,0
-56,0
-56,0
-56,0
-56,0
-56,0
-56,0
-56,0
-56,0
-56,0
-56,0
-56,0
-56,0
-56,0
-56,0
-56,0
-56,0
-56,0
-56,0
-9,6882
-56,0
-56,0
-56,0
-56,0
-56,0
-56,0
-56,0
-56,0
-56,0
-56,0
-56,0
-56,0
-56,0
-56,0
-56,0
-56,0
-56,0
-56,0
-9,42231
-56,0
-56,0
-56,0
-56,0
-56,0
-56,0
-56,0
-56,0
-56,0
-56,0
-56,0
-56,0
-56,0
-56,0
-56,0
-56,0
-56,0
-56,0
-56,0
-9,38052
-56,0
-56,0
-56,0
-56,0
-56,0
-56,0
-56,0
-56,0
-56,0
-56,0
-56,0
-56,0
-56,0
-56,0
-56,0
-56,0
-56,0
-56,0
-56,0
-9,59871
-56,0
-56,0
-56,0
-56,0
-56,0
-56,0
-56,0
-56,0
-56,0
-56,0
-56,0
-56,0
-56,0
-56,0
-56,0
-56,0
-56,0
-56,0
-56,0
-9,35679
-56,0
-56,0
-56,0
-56,0
-56,0
-56,0
-56,0
-56,0
-56,0
-56,0
-56,0
-56,0
-56,0
-56,0
-56,0
-56,0
-56,0
-56,0
-56,0
-9,48515
-56,0
-56,0
-56,0
-56,0
-56,0
-56,0
-56,0
-56,0
-56,0
-56,0
-56,0
-56,0
-56,0
-56,0
-56,0
-56,0
-56,0
-56,0
-56,0
-9,19316
-56,0
-56,0
-56,0
-56,0
-56,0
-56,0
-56,0
-56,0
-56,0
-56,0
-56,0
-56,0
-56,0
-56,0
-56,0
-56,0
-56,0
-56,0
-56,0
-9,31147
-56,0
-56,0
-56,0
-56,0
-56,0
-56,0
-56,0
-56,0
-56,0
-56,0
-56,0
-56,0
-56,0
-56,0
-56,0
-56,0
-56,0
-56,0
-56,0
-9,24961
-56,0
-56,0
-56,0
-56,0
-56,0
-56,0
-56,0
-56,0
-56,0
-56,0
-56,0
-56,0
-56,0
-56,0
-56,0
-56,0
-56,0
-56,0
-56,0
-9,7774
-56,0
-56,0
-56,0
-56,0
-56,0
-56,0
-56,0
-56,0
-56,0
-56,0
-56,0
-56,0
-56,0
-56,0
-56,0
-56,0
-56,0
-56,0
-56,0
-9,20595
-56,0
-56,0
-56,0
-56,0
-56,0
-56,0
-56,0
-56,0
-56,0
-56,0
-56,0
-56,0
-56,0
-56,0
-56,0
-56,0
-56,0
-56,0
-56,0
-9,404
-56,0
-56,0
-56,0
-56,0
-56,0
-56,0
-56,0
-56,0
-56,0
-56,0
-56,0
-56,0
-56,0
-56,0
-56,0
-56,0
-56,0
-56,0
-9,55759
-56,0
-56,0
-56,0
-56,0
-56,0
-56,0
-56,0
-56,0
-56,0
-56,0
-56,0
-56,0
-56,0
-56,0
-56,0
-56,0
-56,0
-56,0
-56,0
-9,36587
-56,0
-56,0
-56,0
-56,0
-56,0
-56,0
-56,0
-56,0
-56,0
-56,0
-56,0
-56,0
-56,0
-56,0
-56,0
-56,0
-56,0
-56,0
-56,0
-9,65409
-56,0
-56,0
-56,0
-56,0
-56,0
-56,0
-56,0
-56,0
-56,0
-56,0
-56,0
-56,0
-56,0
-56,0
-56,0
-56,0
-56,0
-56,0
-56,0
-9,45213
-56,0
-56,0
-56,0
-56,0
-56,0
-56,0
-56,0
-56,0
-56,0
-56,0
-56,0
-56,0
-56,0
-56,0
-56,0
-56,0
-56,0
-56,0
-56,0
-56,0
-10,4505
-56,0
-56,0
-56,0
-56,0
-56,0
-56,0
-56,0
-56,0
-56,0
-56,0
-56,0
-56,0
-56,0
-56,0
-56,0
-56,0
-56,0
-56,0
-9,23851
-56,0
-56,0
-56,0
-56,0
-56,0
-56,0
-56,0
-56,0
-56,0
-56,0
-56,0
-56,0
-56,0
-56,0
-56,0
-56,0
-56,0
-56,0
-56,0
-9,25668
-56,0
-56,0
-56,0
-56,0
-56,0
-56,0
-56,0
-56,0
-56,0
-56,0
-56,0
-56,0
-56,0
-56,0
-56,0
-56,0
-56,0
-56,0
-56,0
-9,12493
-56,0
-56,0
-56,0
-56,0
-56,0
-56,0
-56,0
-56,0
-56,0
-56,0
-56,0
-56,0
-56,0
-56,0
-56,0
-56,0
-56,0
-56,0
-56,0
-9,28312
-56,0
-56,0
-56,0
-56,0
-56,0
-56,0
-56,0
-56,0
-56,0
-56,0
-56,0
-56,0
-56,0
-56,0
-56,0
-56,0
-56,0
-56,0
-56,0
-9,18133
-56,0
-56,0
-56,0
-56,0
-56,0
-56,0
-56,0
-56,0
-56,0
-56,0
-56,0
-56,0
-56,0
-56,0
-56,0
-56,0
-56,0
-56,0
-56,0
-9,16953
-56,0
-56,0
-56,0
-56,0
-56,0
-56,0
-56,0
-56,0
-56,0
-56,0
-56,0
-56,0
-56,0
-56,0
-56,0
-56,0
-56,0
-56,0
-56,0
-9,5771
-56,0
-56,0
-56,0
-56,0
-56,0
-56,0
-56,0
-56,0
-56,0
-56,0
-56,0
-56,0
-56,0
-56,0
-56,0
-56,0
-56,0
-56,0
-9,52124
-56,0
-56,0
-56,0
-56,0
-56,0
-56,0
-56,0
-56,0
-56,0
-56,0
-56,0
-56,0
-56,0
-56,0
-56,0
-56,0
-56,0
-56,0
-56,0
-56,0
-9,26395
-56,0
-56,0
-56,0
-56,0
-56,0
-56,0
-56,0
-56,0
-56,0
-56,0
-56,0
-56,0
-56,0
-56,0
-56,0
-56,0
-56,0
-56,0
-56,0
-56,0
-9,7680
-56,0
-56,0
-56,0
-56,0
-56,0
-56,0
-56,0
-56,0
-56,0
-56,0
-56,0
-56,0
-56,0
-56,0
-56,0
-56,0
-56,0
-56,0
-56,0
-9,7509
-56,0
-56,0
-56,0
-56,0
-56,0
-56,0
-56,0
-56,0
-56,0
-56,0
-56,0
-56,0
-56,0
-56,0
-56,0
-56,0
-56,0
-56,0
-56,0
-9,323
-56,0
-56,0
-56,0
-56,0
-56,0
-56,0
-56,0
-56,0
-56,0
-56,0
-56,0
-56,0
-56,0
-56,0
-56,0
-56,0
-56,0
-56,0
-9,54678
-56,0
-56,0
-56,0
-56,0
-56,0
-56,0
-56,0
-56,0
-56,0
-56,0
-56,0
-56,0
-56,0
-56,0
-56,0
-56,0
-56,0
-56,0
-56,0
-9,58493
-56,0
-56,0
-56,0
-56,0
-56,0
-56,0
-56,0
-56,0
-56,0
-56,0
-56,0
-56,0
-56,0
-56,0
-56,0
-56,0
-56,0
-56,0
-56,0
-9,30301
-56,0
-56,0
-56,0
-56,0
-56,0
-56,0
-56,0
-56,0
-56,0
-56,0
-56,0
-56,0
-56,0
-56,0
-56,0
-56,0
-56,0
-56,0
-56,0
-9,37119
-56,0
-56,0
-56,0
-56,0
-56,0
-56,0
-56,0
-56,0
-56,0
-56,0
-56,0
-56,0
-56,0
-56,0
-56,0
-56,0
-56,0
-56,0
-56,0
-9,17957
-56,0
-56,0
-56,0
-56,0
-56,0
-56,0
-56,0
-56,0
-56,0
-56,0
-56,0
-56,0
-56,0
-56,0
-56,0
-56,0
-56,0
-56,0
-56,0
-9,36765
-56,0
-56,0
-56,0
-56,0
-56,0
-56,0
-56,0
-56,0
-56,0
-56,0
-56,0
-56,0
-56,0
-56,0
-56,0
-56,0
-56,0
-56,0
-56,0
-9,19574
-56,0
-56,0
-56,0
-56,0
-56,0
-56,0
-56,0
-56,0
-56,0
-56,0
-56,0
-56,0
-56,0
-56,0
-56,0
-56,0
-56,0
-56,0
-56,0
-9,7394
-56,0
-56,0
-56,0
-56,0
-56,0
-56,0
-56,0
-56,0
-56,0
-56,0
-56,0
-56,0
-56,0
-56,0
-56,0
-56,0
-56,0
-56,0
-56,0
-10,24217
-56,0
-56,0
-56,0
-56,0
-56,0
-56,0
-56,0
-56,0
-56,0
-56,0
-56,0
-56,0
-56,0
-56,0
-56,0
-56,0
-56,0
-56,0
-56,0
-9,27038
-56,0
-56,0
-56,0
-56,0
-56,0
-56,0
-56,0
-56,0
-56,0
-56,0
-56,0
-56,0
-56,0
-56,0
-56,0
-56,0
-56,0
-56,0
-9,55382
-56,0
-56,0
-56,0
-56,0
-56,0
-56,0
-56,0
-56,0
-56,0
-56,0
-56,0
-56,0
-56,0
-56,0
-56,0
-56,0
-56,0
-56,0
-56,0
-9,47211
-56,0
-56,0
-56,0
-56,0
-56,0
-56,0
-56,0
-56,0
-56,0
-56,0
-56,0
-56,0
-56,0
-56,0
-56,0
-56,0
-56,0
-56,0
-56,0
-56,0
-9,491
-56,0
-56,0
-56,0
-56,0
-56,0
-56,0
-56,0
-56,0
-56,0
-56,0
-56,0
-56,0
-56,0
-56,0
-56,0
-56,0
-56,0
-56,0
-9,44841
-56,0
-56,0
-56,0
-56,0
-56,0
-56,0
-56,0
-56,0
-56,0
-56,0
-56,0
-56,0
-56,0
-56,0
-56,0
-56,0
-56,0
-56,0
-56,0
-9,23670
-56,0
-56,0
-56,0
-56,0
-56,0
-56,0
-56,0
-56,0
-56,0
-56,0
-56,0
-56,0
-56,0
-56,0
-56,0
-56,0
-56,0
-56,0
-56,0
-9,42471
-56,0
-56,0
-56,0
-56,0
-56,0
-56,0
-56,0
-56,0
-56,0
-56,0
-56,0
-56,0
-56,0
-56,0
-56,0
-56,0
-56,0
-56,0
-56,0
-9,36300
-56,0
-56,0
-56,0
-56,0
-56,0
-56,0
-56,0
-56,0
-56,0
-56,0
-56,0
-56,0
-56,0
-56,0
-56,0
-56,0
-56,0
-56,0
-56,0
-9,26110
-56,0
-56,0
-56,0
-56,0
-56,0
-56,0
-56,0
-56,0
-56,0
-56,0
-56,0
-56,0
-56,0
-56,0
-56,0
-56,0
-56,0
-56,0
-56,0
-9,23926
-56,0
-56,0
-56,0
-56,0
-56,0
-56,0
-56,0
-56,0
-56,0
-56,0
-56,0
-56,0
-56,0
-56,0
-56,0
-56,0
-56,0
-56,0
-56,0
-9,27754
-56,0
-56,0
-56,0
-56,0
-56,0
-56,0
-56,0
-56,0
-56,0
-56,0
-56,0
-56,0
-56,0
-56,0
-56,0
-56,0
-56,0
-56,0
-56,0
-9,2563
-56,0
-56,0
-56,0
-56,0
-56,0
-56,0
-56,0
-56,0
-56,0
-56,0
-56,0
-56,0
-56,0
-56,0
-56,0
-56,0
-56,0
-56,0
-56,0
-9,26392
-56,0
-56,0
-56,0
-56,0
-56,0
-56,0
-56,0
-56,0
-56,0
-56,0
-56,0
-56,0
-56,0
-56,0
-56,0
-56,0
-56,0
-56,0
-56,0
-9,22207
-56,0
-56,0
-56,0
-56,0
-56,0
-56,0
-56,0
-56,0
-56,0
-56,0
-56,0
-56,0
-56,0
-56,0
-56,0
-56,0
-56,0
-56,0
-56,0
-9,15
-56,0
-56,0
-56,0
-56,0
-56,0
-56,0
-56,0
-56,0
-56,0
-56,0
-56,0
-56,0
-56,0
-56,0
-56,0
-56,0
-56,0
-56,0
-9,58370
-56,0
-56,0
-56,0
-56,0
-56,0
-56,0
-56,0
-56,0
-56,0
-56,0
-56,0
-56,0
-56,0
-56,0
-56,0
-56,0
-56,0
-56,0
-56,0
-56,0
-9,2659
-56,0
-56,0
-56,0
-56,0
-56,0
-56,0
-56,0
-56,0
-56,0
-56,0
-56,0
-56,0
-56,0
-56,0
-56,0
-56,0
-56,0
-56,0
-9,42005
-56,0
-56,0
-56,0
-56,0
-56,0
-56,0
-56,0
-56,0
-56,0
-56,0
-56,0
-56,0
-56,0
-56,0
-56,0
-56,0
-56,0
-56,0
-56,0
-9,38823
-56,0
-56,0
-56,0
-56,0
-56,0
-56,0
-56,0
-56,0
-56,0
-56,0
-56,0
-56,0
-56,0
-56,0
-56,0
-56,0
-56,0
-56,0
-56,0
-9,55650
-56,0
-56,0
-56,0
-56,0
-56,0
-56,0
-56,0
-56,0
-56,0
-56,0
-56,0
-56,0
-56,0
-56,0
-56,0
-56,0
-56,0
-56,0
-56,0
-10,43469
-56,0
-56,0
-56,0
-56,0
-56,0
-56,0
-56,0
-56,0
-56,0
-56,0
-56,0
-56,0
-56,0
-56,0
-56,0
-56,0
-56,0
-56,0
-56,0
-9,49284
-56,0
-56,0
-56,0
-56,0
-56,0
-56,0
-56,0
-56,0
-56,0
-56,0
-56,0
-56,0
-56,0
-56,0
-56,0
-56,0
-56,0
-56,0
-56,0
-9,13101
-56,0
-56,0
-56,0
-56,0
-56,0
-56,0
-56,0
-56,0
-56,0
-56,0
-56,0
-56,0
-56,0
-56,0
-56,0
-56,0
-56,0
-56,0
-56,0
-9,1932
-56,0
-56,0
-56,0
-56,0
-56,0
-56,0
-56,0
-56,0
-56,0
-56,0
-56,0
-56,0
-56,0
-56,0
-56,0
-56,0
-56,0
-56,0
-9,47288
-56,0
-56,0
-56,0
-56,0
-56,0
-56,0
-56,0
-56,0
-56,0
-56,0
-56,0
-56,0
-56,0
-56,0
-56,0
-56,0
-56,0
-56,0
-56,0
-9,59094
-56,0
-56,0
-56,0
-56,0
-56,0
-56,0
-56,0
-56,0
-56,0
-56,0
-56,0
-56,0
-56,0
-56,0
-56,0
-56,0
-56,0
-56,0
-56,0
-56,0
-9,22377
-56,0
-56,0
-56,0
-56,0
-56,0
-56,0
-56,0
-56,0
-56,0
-56,0
-56,0
-56,0
-56,0
-56,0
-56,0
-56,0
-56,0
-56,0
-9,49721
-56,0
-56,0
-56,0
-56,0
-56,0
-56,0
-56,0
-56,0
-56,0
-56,0
-56,0
-56,0
-56,0
-56,0
-56,0
-56,0
-56,0
-56,0
-56,0
-56,0
-9,6020
-56,0
-56,0
-56,0
-56,0
-56,0
-56,0
-56,0
-56,0
-56,0
-56,0
-56,0
-56,0
-56,0
-56,0
-56,0
-56,0
-56,0
-56,0
-9,43357
-56,0
-56,0
-56,0
-56,0
-56,0
-56,0
-56,0
-56,0
-56,0
-56,0
-56,0
-56,0
-56,0
-56,0
-56,0
-56,0
-56,0
-56,0
-56,0
-9,54190
-56,0
-56,0
-56,0
-56,0
-56,0
-56,0
-56,0
-56,0
-56,0
-56,0
-56,0
-56,0
-56,0
-56,0
-56,0
-56,0
-56,0
-56,0
-56,0
-9,59007
-56,0
-56,0
-56,0
-56,0
-56,0
-56,0
-56,0
-56,0
-56,0
-56,0
-56,0
-56,0
-56,0
-56,0
-56,0
-56,0
-56,0
-56,0
-56,0
-9,18820
-56,0
-56,0
-56,0
-56,0
-56,0
-56,0
-56,0
-56,0
-56,0
-56,0
-56,0
-56,0
-56,0
-56,0
-56,0
-56,0
-56,0
-56,0
-56,0
-9,2648
-56,0
-56,0
-56,0
-56,0
-56,0
-56,0
-56,0
-56,0
-56,0
-56,0
-56,0
-56,0
-56,0
-56,0
-56,0
-56,0
-56,0
-56,0
-56,0
-9,29448
-56,0
-56,0
-56,0
-56,0
-56,0
-56,0
-56,0
-56,0
-56,0
-56,0
-56,0
-56,0
-56,0
-56,0
-56,0
-56,0
-56,0
-56,0
-56,0
-9,1279
-56,0
-56,0
-56,0
-56,0
-56,0
-56,0
-56,0
-56,0
-56,0
-56,0
-56,0
-56,0
-56,0
-56,0
-56,0
-56,0
-56,0
-56,0
-56,0
-9,1097
-56,0
-56,0
-56,0
-56,0
-56,0
-56,0
-56,0
-56,0
-56,0
-56,0
-56,0
-56,0
-56,0
-56,0
-56,0
-56,0
-56,0
-56,0
-56,0
-9,9902
-56,0
-56,0
-56,0
-56,0
-56,0
-56,0
-56,0
-56,0
-56,0
-56,0
-56,0
-56,0
-56,0
-56,0
-56,0
-56,0
-56,0
-56,0
-56,0
-9,720
-56,0
-56,0
-56,0
-56,0
-56,0
-56,0
-56,0
-56,0
-56,0
-56,0
-56,0
-56,0
-56,0
-56,0
-56,0
-56,0
-56,0
-56,0
-56,0
-9,9545
-56,0
-56,0
-56,0
-56,0
-56,0
-56,0
-56,0
-56,0
-56,0
-56,0
-56,0
-56,0
-56,0
-56,0
-56,0
-56,0
-56,0
-56,0
-9,49898
-56,0
-56,0
-56,0
-56,0
-56,0
-56,0
-56,0
-56,0
-56,0
-56,0
-56,0
-56,0
-56,0
-56,0
-56,0
-56,0
-56,0
-56,0
-56,0
-56,0
-10,4187
-56,0
-56,0
-56,0
-56,0
-56,0
-56,0
-56,0
-56,0
-56,0
-56,0
-56,0
-56,0
-56,0
-56,0
-56,0
-56,0
-56,0
-56,0
-9,28537
-56,0
-56,0
-56,0
-56,0
-56,0
-56,0
-56,0
-56,0
-56,0
-56,0
-56,0
-56,0
-56,0
-56,0
-56,0
-56,0
-56,0
-56,0
-56,0
-9,52360
-56,0
-56,0
-56,0
-56,0
-56,0
-56,0
-56,0
-56,0
-56,0
-56,0
-56,0
-56,0
-56,0
-56,0
-56,0
-56,0
-56,0
-56,0
-56,0
-9,32164
-56,0
-56,0
-56,0
-56,0
-56,0
-56,0
-56,0
-56,0
-56,0
-56,0
-56,0
-56,0
-56,0
-56,0
-56,0
-56,0
-56,0
-56,0
-56,0
-9,44991
-56,0
-56,0
-56,0
-56,0
-56,0
-56,0
-56,0
-56,0
-56,0
-56,0
-56,0
-56,0
-56,0
-56,0
-56,0
-56,0
-56,0
-56,0
-56,0
-9,20804
-56,0
-56,0
-56,0
-56,0
-56,0
-56,0
-56,0
-56,0
-56,0
-56,0
-56,0
-56,0
-56,0
-56,0
-56,0
-56,0
-56,0
-56,0
-56,0
-9,32631
-56,0
-56,0
-56,0
-56,0
-56,0
-56,0
-56,0
-56,0
-56,0
-56,0
-56,0
-56,0
-56,0
-56,0
-56,0
-56,0
-56,0
-56,0
-56,0
-9,20435
-56,0
-56,0
-56,0
-56,0
-56,0
-56,0
-56,0
-56,0
-56,0
-56,0
-56,0
-56,0
-56,0
-56,0
-56,0
-56,0
-56,0
-56,0
-56,0
-9,255
-56,0
-56,0
-56,0
-56,0
-56,0
-56,0
-56,0
-56,0
-56,0
-56,0
-56,0
-56,0
-56,0
-56,0
-56,0
-56,0
-56,0
-56,0
-56,0
-9,21079
-56,0
-56,0
-56,0
-56,0
-56,0
-56,0
-56,0
-56,0
-56,0
-56,0
-56,0
-56,0
-56,0
-56,0
-56,0
-56,0
-56,0
-56,0
-56,0
-9,7900
-56,0
-56,0
-56,0
-56,0
-56,0
-56,0
-56,0
-56,0
-56,0
-56,0
-56,0
-56,0
-56,0
-56,0
-56,0
-56,0
-56,0
-56,0
-56,0
-9,24717
-56,0
-56,0
-56,0
-56,0
-56,0
-56,0
-56,0
-56,0
-56,0
-56,0
-56,0
-56,0
-56,0
-56,0
-56,0
-56,0
-56,0
-56,0
-9,48061
-56,0
-56,0
-56,0
-56,0
-56,0
-56,0
-56,0
-56,0
-56,0
-56,0
-56,0
-56,0
-56,0
-56,0
-56,0
-56,0
-56,0
-56,0
-56,0
-56,0
-9,1354
-56,0
-56,0
-56,0
-56,0
-56,0
-56,0
-56,0
-56,0
-56,0
-56,0
-56,0
-56,0
-56,0
-56,0
-56,0
-56,0
-56,0
-56,0
-9,44697
-56,0
-56,0
-56,0
-56,0
-56,0
-56,0
-56,0
-56,0
-56,0
-56,0
-56,0
-56,0
-56,0
-56,0
-56,0
-56,0
-56,0
-56,0
-56,0
-9,27529
-56,0
-56,0
-56,0
-56,0
-56,0
-56,0
-56,0
-56,0
-56,0
-56,0
-56,0
-56,0
-56,0
-56,0
-56,0
-56,0
-56,0
-56,0
-56,0
-9,41343
-56,0
-56,0
-56,0
-56,0
-56,0
-56,0
-56,0
-56,0
-56,0
-56,0
-56,0
-56,0
-56,0
-56,0
-56,0
-56,0
-56,0
-56,0
-56,0
-9,2161
-56,0
-56,0
-56,0
-56,0
-56,0
-56,0
-56,0
-56,0
-56,0
-56,0
-56,0
-56,0
-56,0
-56,0
-56,0
-56,0
-56,0
-56,0
-56,0
-9,20971
-56,0
-56,0
-56,0
-56,0
-56,0
-56,0
-56,0
-56,0
-56,0
-56,0
-56,0
-56,0
-56,0
-56,0
-56,0
-56,0
-56,0
-56,0
-56,0
-9,36801
-56,0
-56,0
-56,0
-56,0
-56,0
-56,0
-56,0
-56,0
-56,0
-56,0
-56,0
-56,0
-56,0
-56,0
-56,0
-56,0
-56,0
-56,0
-9,62149
-56,0
-56,0
-56,0
-56,0
-56,0
-56,0
-56,0
-56,0
-56,0
-56,0
-56,0
-56,0
-56,0
-56,0
-56,0
-56,0
-56,0
-56,0
-56,0
-56,0
-10,46424
-56,0
-56,0
-56,0
-56,0
-56,0
-56,0
-56,0
-56,0
-56,0
-56,0
-56,0
-56,0
-56,0
-56,0
-56,0
-56,0
-56,0
-56,0
-56,0
-56,0
-9,16706
-56,0
-56,0
-56,0
-56,0
-56,0
-56,0
-56,0
-56,0
-56,0
-56,0
-56,0
-56,0
-56,0
-56,0
-56,0
-56,0
-56,0
-56,0
-56,0
-9,21536
-56,0
-56,0
-56,0
-56,0
-56,0
-56,0
-56,0
-56,0
-56,0
-56,0
-56,0
-56,0
-56,0
-56,0
-56,0
-56,0
-56,0
-56,0
-56,0
-9,8341
-56,0
-56,0
-56,0
-56,0
-56,0
-56,0
-56,0
-56,0
-56,0
-56,0
-56,0
-56,0
-56,0
-56,0
-56,0
-56,0
-56,0
-56,0
-56,0
-9,2159
-56,0
-56,0
-56,0
-56,0
-56,0
-56,0
-56,0
-56,0
-56,0
-56,0
-56,0
-56,0
-56,0
-56,0
-56,0
-56,0
-56,0
-56,0
-9,56513
-56,0
-56,0
-56,0
-56,0
-56,0
-56,0
-56,0
-56,0
-56,0
-56,0
-56,0
-56,0
-56,0
-56,0
-56,0
-56,0
-56,0
-56,0
-56,0
-9,38341
-56,0
-56,0
-56,0
-56,0
-56,0
-56,0
-56,0
-56,0
-56,0
-56,0
-56,0
-56,0
-56,0
-56,0
-56,0
-56,0
-56,0
-56,0
-56,0
-9,49150
-56,0
-56,0
-56,0
-56,0
-56,0
-56,0
-56,0
-56,0
-56,0
-56,0
-56,0
-56,0
-56,0
-56,0
-56,0
-56,0
-56,0
-56,0
-56,0
-9,47967
-56,0
-56,0
-56,0
-56,0
-56,0
-56,0
-56,0
-56,0
-56,0
-56,0
-56,0
-56,0
-56,0
-56,0
-56,0
-56,0
-56,0
-56,0
-56,0
-9,42788
-56,0
-56,0
-56,0
-56,0
-56,0
-56,0
-56,0
-56,0
-56,0
-56,0
-56,0
-56,0
-56,0
-56,0
-56,0
-56,0
-56,0
-56,0
-56,0
-9,31609
-56,0
-56,0
-56,0
-56,0
-56,0
-56,0
-56,0
-56,0
-56,0
-56,0
-56,0
-56,0
-56,0
-56,0
-56,0
-56,0
-56,0
-56,0
-56,0
-9,22422
-56,0
-56,0
-56,0
-56,0
-56,0
-56,0
-56,0
-56,0
-56,0
-56,0
-56,0
-56,0
-56,0
-56,0
-56,0
-56,0
-56,0
-56,0
-56,0
-9,34253
-56,0
-56,0
-56,0
-56,0
-56,0
-56,0
-56,0
-56,0
-56,0
-56,0
-56,0
-56,0
-56,0
-56,0
-56,0
-56,0
-56,0
-56,0
-9,59603
-56,0
-56,0
-56,0
-56,0
-56,0
-56,0
-56,0
-56,0
-56,0
-56,0
-56,0
-56,0
-56,0
-56,0
-56,0
-56,0
-56,0
-56,0
-56,0
-9,63425
-56,0
-56,0
-56,0
-56,0
-56,0
-56,0
-56,0
-56,0
-56,0
-56,0
-56,0
-56,0
-56,0
-56,0
-56,0
-56,0
-56,0
-56,0
-56,0
-56,0
-9,14707
-56,0
-56,0
-56,0
-56,0
-56,0
-56,0
-56,0
-56,0
-56,0
-56,0
-56,0
-56,0
-56,0
-56,0
-56,0
-56,0
-56,0
-56,0
-56,0
-9,15521
-56,0
-56,0
-56,0
-56,0
-56,0
-56,0
-56,0
-56,0
-56,0
-56,0
-56,0
-56,0
-56,0
-56,0
-56,0
-56,0
-56,0
-56,0
-56,0
-9,8339
-56,0
-56,0
-56,0
-56,0
-56,0
-56,0
-56,0
-56,0
-56,0
-56,0
-56,0
-56,0
-56,0
-56,0
-56,0
-56,0
-56,0
-56,0
-9,62688
-56,0
-56,0
-56,0
-56,0
-56,0
-56,0
-56,0
-56,0
-56,0
-56,0
-56,0
-56,0
-56,0
-56,0
-56,0
-56,0
-56,0
-56,0
-56,0
-9,43508
-56,0
-56,0
-56,0
-56,0
-56,0
-56,0
-56,0
-56,0
-56,0
-56,0
-56,0
-56,0
-56,0
-56,0
-56,0
-56,0
-56,0
-56,0
-56,0
-9,34333
-56,0
-56,0
-56,0
-56,0
-56,0
-56,0
-56,0
-56,0
-56,0
-56,0
-56,0
-56,0
-56,0
-56,0
-56,0
-56,0
-56,0
-56,0
-56,0
-56,0
-10,3610
-56,0
-56,0
-56,0
-56,0
-56,0
-56,0
-56,0
-56,0
-56,0
-56,0
-56,0
-56,0
-56,0
-56,0
-56,0
-56,0
-56,0
-56,0
-9,32957
-56,0
-56,0
-56,0
-56,0
-56,0
-56,0
-56,0
-56,0
-56,0
-56,0
-56,0
-56,0
-56,0
-56,0
-56,0
-56,0
-56,0
-56,0
-56,0
-9,52782
-56,0
-56,0
-56,0
-56,0
-56,0
-56,0
-56,0
-56,0
-56,0
-56,0
-56,0
-56,0
-56,0
-56,0
-56,0
-56,0
-56,0
-56,0
-56,0
-9,31596
-56,0
-56,0
-56,0
-56,0
-56,0
-56,0
-56,0
-56,0
-56,0
-56,0
-56,0
-56,0
-56,0
-56,0
-56,0
-56,0
-56,0
-56,0
-56,0
-9,15415
-56,0
-56,0
-56,0
-56,0
-56,0
-56,0
-56,0
-56,0
-56,0
-56,0
-56,0
-56,0
-56,0
-56,0
-56,0
-56,0
-56,0
-56,0
-56,0
-9,8237
-56,0
-56,0
-56,0
-56,0
-56,0
-56,0
-56,0
-56,0
-56,0
-56,0
-56,0
-56,0
-56,0
-56,0
-56,0
-56,0
-56,0
-56,0
-56,0
-9,22055
-56,0
-56,0
-56,0
-56,0
-56,0
-56,0
-56,0
-56,0
-56,0
-56,0
-56,0
-56,0
-56,0
-56,0
-56,0
-56,0
-56,0
-56,0
-56,0
-9,12863
-56,0
-56,0
-56,0
-56,0
-56,0
-56,0
-56,0
-56,0
-56,0
-56,0
-56,0
-56,0
-56,0
-56,0
-56,0
-56,0
-56,0
-56,0
-9,52238
-56,0
-56,0
-56,0
-56,0
-56,0
-56,0
-56,0
-56,0
-56,0
-56,0
-56,0
-56,0
-56,0
-56,0
-56,0
-56,0
-56,0
-56,0
-56,0
-9,46045
-56,0
-56,0
-56,0
-56,0
-56,0
-56,0
-56,0
-56,0
-56,0
-56,0
-56,0
-56,0
-56,0
-56,0
-56,0
-56,0
-56,0
-56,0
-56,0
-9,56856
-56,0
-56,0
-56,0
-56,0
-56,0
-56,0
-56,0
-56,0
-56,0
-56,0
-56,0
-56,0
-56,0
-56,0
-56,0
-56,0
-56,0
-56,0
-56,0
-9,52671
-56,0
-56,0
-56,0
-56,0
-56,0
-56,0
-56,0
-56,0
-56,0
-56,0
-56,0
-56,0
-56,0
-56,0
-56,0
-56,0
-56,0
-56,0
-56,0
-9,50499
-56,0
-56,0
-56,0
-56,0
-56,0
-56,0
-56,0
-56,0
-56,0
-56,0
-56,0
-56,0
-56,0
-56,0
-56,0
-56,0
-56,0
-56,0
-56,0
-9,42309
-56,0
-56,0
-56,0
-56,0
-56,0
-56,0
-56,0
-56,0
-56,0
-56,0
-56,0
-56,0
-56,0
-56,0
-56,0
-56,0
-56,0
-56,0
-56,0
-9,32126
-56,0
-56,0
-56,0
-56,0
-56,0
-56,0
-56,0
-56,0
-56,0
-56,0
-56,0
-56,0
-56,0
-56,0
-56,0
-56,0
-56,0
-56,0
-56,0
-9,29943
-56,0
-56,0
-56,0
-56,0
-56,0
-56,0
-56,0
-56,0
-56,0
-56,0
-56,0
-56,0
-56,0
-56,0
-56,0
-56,0
-56,0
-56,0
-56,0
-9,27762
-56,0
-56,0
-56,0
-56,0
-56,0
-56,0
-56,0
-56,0
-56,0
-56,0
-56,0
-56,0
-56,0
-56,0
-56,0
-56,0
-56,0
-56,0
-56,0
-9,14589
-56,0
-56,0
-56,0
-56,0
-56,0
-56,0
-56,0
-56,0
-56,0
-56,0
-56,0
-56,0
-56,0
-56,0
-56,0
-56,0
-56,0
-56,0
-56,0
-9,13397
-56,0
-56,0
-56,0
-56,0
-56,0
-56,0
-56,0
-56,0
-56,0
-56,0
-56,0
-56,0
-56,0
-56,0
-56,0
-56,0
-56,0
-56,0
-56,0
-9,21224
-56,0
-56,0
-56,0
-56,0
-56,0
-56,0
-56,0
-56,0
-56,0
-56,0
-56,0
-56,0
-56,0
-56,0
-56,0
-56,0
-56,0
-56,0
-9,55590
-56,0
-56,0
-56,0
-56,0
-56,0
-56,0
-56,0
-56,0
-56,0
-56,0
-56,0
-56,0
-56,0
-56,0
-56,0
-56,0
-56,0
-56,0
-56,0
-10,55398
-56,0
-56,0
-56,0
-56,0
-56,0
-56,0
-56,0
-56,0
-56,0
-56,0
-56,0
-56,0
-56,0
-56,0
-56,0
-56,0
-56,0
-56,0
-56,0
-56,0
-9,7683
-56,0
-56,0
-56,0
-56,0
-56,0
-56,0
-56,0
-56,0
-56,0
-56,0
-56,0
-56,0
-56,0
-56,0
-56,0
-56,0
-56,0
-56,0
-9,53023
-56,0
-56,0
-56,0
-56,0
-56,0
-56,0
-56,0
-56,0
-56,0
-56,0
-56,0
-56,0
-56,0
-56,0
-56,0
-56,0
-56,0
-56,0
-56,0
-9,41842
-56,0
-56,0
-56,0
-56,0
-56,0
-56,0
-56,0
-56,0
-56,0
-56,0
-56,0
-56,0
-56,0
-56,0
-56,0
-56,0
-56,0
-56,0
-56,0
-9,46659
-56,0
-56,0
-56,0
-56,0
-56,0
-56,0
-56,0
-56,0
-56,0
-56,0
-56,0
-56,0
-56,0
-56,0
-56,0
-56,0
-56,0
-56,0
-56,0
-9,34477
-56,0
-56,0
-56,0
-56,0
-56,0
-56,0
-56,0
-56,0
-56,0
-56,0
-56,0
-56,0
-56,0
-56,0
-56,0
-56,0
-56,0
-56,0
-56,0
-9,45315
-56,0
-56,0
-56,0
-56,0
-56,0
-56,0
-56,0
-56,0
-56,0
-56,0
-56,0
-56,0
-56,0
-56,0
-56,0
-56,0
-56,0
-56,0
-56,0
-9,11131
-56,0
-56,0
-56,0
-56,0
-56,0
-56,0
-56,0
-56,0
-56,0
-56,0
-56,0
-56,0
-56,0
-56,0
-56,0
-56,0
-56,0
-56,0
-56,0
-9,12942
-56,0
-56,0
-56,0
-56,0
-56,0
-56,0
-56,0
-56,0
-56,0
-56,0
-56,0
-56,0
-56,0
-56,0
-56,0
-56,0
-56,0
-56,0
-56,0
-9,23762
-56,0
-56,0
-56,0
-56,0
-56,0
-56,0
-56,0
-56,0
-56,0
-56,0
-56,0
-56,0
-56,0
-56,0
-56,0
-56,0
-56,0
-56,0
-56,0
-9,34578
-56,0
-56,0
-56,0
-56,0
-56,0
-56,0
-56,0
-56,0
-56,0
-56,0
-56,0
-56,0
-56,0
-56,0
-56,0
-56,0
-56,0
-56,0
-9,61942
-56,0
-56,0
-56,0
-56,0
-56,0
-56,0
-56,0
-56,0
-56,0
-56,0
-56,0
-56,0
-56,0
-56,0
-56,0
-56,0
-56,0
-56,0
-56,0
-9,61754
-56,0
-56,0
-56,0
-56,0
-56,0
-56,0
-56,0
-56,0
-56,0
-56,0
-56,0
-56,0
-56,0
-56,0
-56,0
-56,0
-56,0
-56,0
-56,0
-9,53566
-56,0
-56,0
-56,0
-56,0
-56,0
-56,0
-56,0
-56,0
-56,0
-56,0
-56,0
-56,0
-56,0
-56,0
-56,0
-56,0
-56,0
-56,0
-56,0
-9,64376
-56,0
-56,0
-56,0
-56,0
-56,0
-56,0
-56,0
-56,0
-56,0
-56,0
-56,0
-56,0
-56,0
-56,0
-56,0
-56,0
-56,0
-56,0
-56,0
-9,45193
-56,0
-56,0
-56,0
-56,0
-56,0
-56,0
-56,0
-56,0
-56,0
-56,0
-56,0
-56,0
-56,0
-56,0
-56,0
-56,0
-56,0
-56,0
-56,0
-9,39031
-56,0
-56,0
-56,0
-56,0
-56,0
-56,0
-56,0
-56,0
-56,0
-56,0
-56,0
-56,0
-56,0
-56,0
-56,0
-56,0
-56,0
-56,0
-56,0
-9,28839
-56,0
-56,0
-56,0
-56,0
-56,0
-56,0
-56,0
-56,0
-56,0
-56,0
-56,0
-56,0
-56,0
-56,0
-56,0
-56,0
-56,0
-56,0
-56,0
-9,39647
-56,0
-56,0
-56,0
-56,0
-56,0
-56,0
-56,0
-56,0
-56,0
-56,0
-56,0
-56,0
-56,0
-56,0
-56,0
-56,0
-56,0
-56,0
-56,0
-9,22481
-56,0
-56,0
-56,0
-56,0
-56,0
-56,0
-56,0
-56,0
-56,0
-56,0
-56,0
-56,0
-56,0
-56,0
-56,0
-56,0
-56,0
-56,0
-56,0
-9,36297
-56,0
-56,0
-56,0
-56,0
-56,0
-56,0
-56,0
-56,0
-56,0
-56,0
-56,0
-56,0
-56,0
-56,0
-56,0
-56,0
-56,0
-56,0
-10,63646
-56,0
-56,0
-56,0
-56,0
-56,0
-56,0
-56,0
-56,0
-56,0
-56,0
-56,0
-56,0
-56,0
-56,0
-56,0
-56,0
-56,0
-56,0
-56,0
-56,0
-9,25931
-56,0
-56,0
-56,0
-56,0
-56,0
-56,0
-56,0
-56,0
-56,0
-56,0
-56,0
-56,0
-56,0
-56,0
-56,0
-56,0
-56,0
-56,0
-56,0
-9,7737
-56,0
-56,0
-56,0
-56,0
-56,0
-56,0
-56,0
-56,0
-56,0
-56,0
-56,0
-56,0
-56,0
-56,0
-56,0
-56,0
-56,0
-56,0
-56,0
-9,11555
-56,0
-56,0
-56,0
-56,0
-56,0
-56,0
-56,0
-56,0
-56,0
-56,0
-56,0
-56,0
-56,0
-56,0
-56,0
-56,0
-56,0
-56,0
-9,59909
-56,0
-56,0
-56,0
-56,0
-56,0
-56,0
-56,0
-56,0
-56,0
-56,0
-56,0
-56,0
-56,0
-56,0
-56,0
-56,0
-56,0
-56,0
-56,0
-9,60727
-56,0
-56,0
-56,0
-56,0
-56,0
-56,0
-56,0
-56,0
-56,0
-56,0
-56,0
-56,0
-56,0
-56,0
-56,0
-56,0
-56,0
-56,0
-56,0
-9,49546
-56,0
-56,0
-56,0
-56,0
-56,0
-56,0
-56,0
-56,0
-56,0
-56,0
-56,0
-56,0
-56,0
-56,0
-56,0
-56,0
-56,0
-56,0
-56,0
-9,38374
-56,0
-56,0
-56,0
-56,0
-56,0
-56,0
-56,0
-56,0
-56,0
-56,0
-56,0
-56,0
-56,0
-56,0
-56,0
-56,0
-56,0
-56,0
-56,0
-9,44181
-56,0
-56,0
-56,0
-56,0
-56,0
-56,0
-56,0
-56,0
-56,0
-56,0
-56,0
-56,0
-56,0
-56,0
-56,0
-56,0
-56,0
-56,0
-56,0
-9,25013
-56,0
-56,0
-56,0
-56,0
-56,0
-56,0
-56,0
-56,0
-56,0
-56,0
-56,0
-56,0
-56,0
-56,0
-56,0
-56,0
-56,0
-56,0
-56,0
-9,33817
-56,0
-56,0
-56,0
-56,0
-56,0
-56,0
-56,0
-56,0
-56,0
-56,0
-56,0
-56,0
-56,0
-56,0
-56,0
-56,0
-56,0
-56,0
-56,0
-9,14645
-56,0
-56,0
-56,0
-56,0
-56,0
-56,0
-56,0
-56,0
-56,0
-56,0
-56,0
-56,0
-56,0
-56,0
-56,0
-56,0
-56,0
-56,0
-56,0
-9,24453
-56,0
-56,0
-56,0
-56,0
-56,0
-56,0
-56,0
-56,0
-56,0
-56,0
-56,0
-56,0
-56,0
-56,0
-56,0
-56,0
-56,0
-56,0
-56,0
-9,5285
-56,0
-56,0
-56,0
-56,0
-56,0
-56,0
-56,0
-56,0
-56,0
-56,0
-56,0
-56,0
-56,0
-56,0
-56,0
-56,0
-56,0
-56,0
-56,0
-9,18106
-56,0
-56,0
-56,0
-56,0
-56,0
-56,0
-56,0
-56,0
-56,0
-56,0
-56,0
-56,0
-56,0
-56,0
-56,0
-56,0
-56,0
-56,0
-56,0
-9,2914
-56,0
-56,0
-56,0
-56,0
-56,0
-56,0
-56,0
-56,0
-56,0
-56,0
-56,0
-56,0
-56,0
-56,0
-56,0
-56,0
-56,0
-56,0
-9,50271
-56,0
-56,0
-56,0
-56,0
-56,0
-56,0
-56,0
-56,0
-56,0
-56,0
-56,0
-56,0
-56,0
-56,0
-56,0
-56,0
-56,0
-56,0
-56,0
-9,65079
-56,0
-56,0
-56,0
-56,0
-56,0
-56,0
-56,0
-56,0
-56,0
-56,0
-56,0
-56,0
-56,0
-56,0
-56,0
-56,0
-56,0
-56,0
-56,0
-9,62906
-56,0
-56,0
-56,0
-56,0
-56,0
-56,0
-56,0
-56,0
-56,0
-56,0
-56,0
-56,0
-56,0
-56,0
-56,0
-56,0
-56,0
-56,0
-56,0
-56,0
-9,6194
-56,0
-56,0
-56,0
-56,0
-56,0
-56,0
-56,0
-56,0
-56,0
-56,0
-56,0
-56,0
-56,0
-56,0
-56,0
-56,0
-56,0
-56,0
-9,40536
-56,0
-56,0
-56,0
-56,0
-56,0
-56,0
-56,0
-56,0
-56,0
-56,0
-56,0
-56,0
-56,0
-56,0
-56,0
-56,0
-56,0
-56,0
-56,0
-10,21362
-56,0
-56,0
-56,0
-56,0
-56,0
-56,0
-56,0
-56,0
-56,0
-56,0
-56,0
-56,0
-56,0
-56,0
-56,0
-56,0
-56,0
-56,0
-56,0
-9,33169
-56,0
-56,0
-56,0
-56,0
-56,0
-56,0
-56,0
-56,0
-56,0
-56,0
-56,0
-56,0
-56,0
-56,0
-56,0
-56,0
-56,0
-56,0
-56,0
-9,26007
-56,0
-56,0
-56,0
-56,0
-56,0
-56,0
-56,0
-56,0
-56,0
-56,0
-56,0
-56,0
-56,0
-56,0
-56,0
-56,0
-56,0
-56,0
-56,0
-9,8813
-56,0
-56,0
-56,0
-56,0
-56,0
-56,0
-56,0
-56,0
-56,0
-56,0
-56,0
-56,0
-56,0
-56,0
-56,0
-56,0
-56,0
-56,0
-56,0
-9,23623
-56,0
-56,0
-56,0
-56,0
-56,0
-56,0
-56,0
-56,0
-56,0
-56,0
-56,0
-56,0
-56,0
-56,0
-56,0
-56,0
-56,0
-56,0
-9,60987
-56,0
-56,0
-56,0
-56,0
-56,0
-56,0
-56,0
-56,0
-56,0
-56,0
-56,0
-56,0
-56,0
-56,0
-56,0
-56,0
-56,0
-56,0
-56,0
-56,0
-9,19259
-56,0
-56,0
-56,0
-56,0
-56,0
-56,0
-56,0
-56,0
-56,0
-56,0
-56,0
-56,0
-56,0
-56,0
-56,0
-56,0
-56,0
-56,0
-9,54631
-56,0
-56,0
-56,0
-56,0
-56,0
-56,0
-56,0
-56,0
-56,0
-56,0
-56,0
-56,0
-56,0
-56,0
-56,0
-56,0
-56,0
-56,0
-56,0
-9,56449
-56,0
-56,0
-56,0
-56,0
-56,0
-56,0
-56,0
-56,0
-56,0
-56,0
-56,0
-56,0
-56,0
-56,0
-56,0
-56,0
-56,0
-56,0
-56,0
-56,0
-9,1727
-56,0
-56,0
-56,0
-56,0
-56,0
-56,0
-56,0
-56,0
-56,0
-56,0
-56,0
-56,0
-56,0
-56,0
-56,0
-56,0
-56,0
-56,0
-9,63067
-56,0
-56,0
-56,0
-56,0
-56,0
-56,0
-56,0
-56,0
-56,0
-56,0
-56,0
-56,0
-56,0
-56,0
-56,0
-56,0
-56,0
-56,0
-56,0
-9,47885
-56,0
-56,0
-56,0
-56,0
-56,0
-56,0
-56,0
-56,0
-56,0
-56,0
-56,0
-56,0
-56,0
-56,0
-56,0
-56,0
-56,0
-56,0
-56,0
-9,26711
-56,0
-56,0
-56,0
-56,0
-56,0
-56,0
-56,0
-56,0
-56,0
-56,0
-56,0
-56,0
-56,0
-56,0
-56,0
-56,0
-56,0
-56,0
-56,0
-9,49536
-56,0
-56,0
-56,0
-56,0
-56,0
-56,0
-56,0
-56,0
-56,0
-56,0
-56,0
-56,0
-56,0
-56,0
-56,0
-56,0
-56,0
-56,0
-56,0
-9,24349
-56,0
-56,0
-56,0
-56,0
-56,0
-56,0
-56,0
-56,0
-56,0
-56,0
-56,0
-56,0
-56,0
-56,0
-56,0
-56,0
-56,0
-56,0
-56,0
-9,46172
-56,0
-56,0
-56,0
-56,0
-56,0
-56,0
-56,0
-56,0
-56,0
-56,0
-56,0
-56,0
-56,0
-56,0
-56,0
-56,0
-56,0
-56,0
-56,0
-9,34986
-56,0
-56,0
-56,0
-56,0
-56,0
-56,0
-56,0
-56,0
-56,0
-56,0
-56,0
-56,0
-56,0
-56,0
-56,0
-56,0
-56,0
-56,0
-56,0
-9,7805
-56,0
-56,0
-56,0
-56,0
-56,0
-56,0
-56,0
-56,0
-56,0
-56,0
-56,0
-56,0
-56,0
-56,0
-56,0
-56,0
-56,0
-56,0
-56,0
-9,36625
-56,0
-56,0
-56,0
-56,0
-56,0
-56,0
-56,0
-56,0
-56,0
-56,0
-56,0
-56,0
-56,0
-56,0
-56,0
-56,0
-56,0
-56,0
-9,53983
-56,0
-56,0
-56,0
-56,0
-56,0
-56,0
-56,0
-56,0
-56,0
-56,0
-56,0
-56,0
-56,0
-56,0
-56,0
-56,0
-56,0
-56,0
-56,0
-56,0
-9,35257
-56,0
-56,0
-56,0
-56,0
-56,0
-56,0
-56,0
-56,0
-56,0
-56,0
-56,0
-56,0
-56,0
-56,0
-56,0
-56,0
-56,0
-56,0
-56,0
-10,65
-56,0
-56,0
-56,0
-56,0
-56,0
-56,0
-56,0
-56,0
-56,0
-56,0
-56,0
-56,0
-56,0
-56,0
-56,0
-56,0
-56,0
-56,0
-56,0
-9,8898
-56,0
-56,0
-56,0
-56,0
-56,0
-56,0
-56,0
-56,0
-56,0
-56,0
-56,0
-56,0
-56,0
-56,0
-56,0
-56,0
-56,0
-56,0
-9,54238
-56,0
-56,0
-56,0
-56,0
-56,0
-56,0
-56,0
-56,0
-56,0
-56,0
-56,0
-56,0
-56,0
-56,0
-56,0
-56,0
-56,0
-56,0
-56,0
-56,0
-9,3538
-56,0
-56,0
-56,0
-56,0
-56,0
-56,0
-56,0
-56,0
-56,0
-56,0
-56,0
-56,0
-56,0
-56,0
-56,0
-56,0
-56,0
-56,0
-9,55888
-56,0
-56,0
-56,0
-56,0
-56,0
-56,0
-56,0
-56,0
-56,0
-56,0
-56,0
-56,0
-56,0
-56,0
-56,0
-56,0
-56,0
-56,0
-56,0
-9,47701
-56,0
-56,0
-56,0
-56,0
-56,0
-56,0
-56,0
-56,0
-56,0
-56,0
-56,0
-56,0
-56,0
-56,0
-56,0
-56,0
-56,0
-56,0
-56,0
-9,33509
-56,0
-56,0
-56,0
-56,0
-56,0
-56,0
-56,0
-56,0
-56,0
-56,0
-56,0
-56,0
-56,0
-56,0
-56,0
-56,0
-56,0
-56,0
-56,0
-9,12336
-56,0
-56,0
-56,0
-56,0
-56,0
-56,0
-56,0
-56,0
-56,0
-56,0
-56,0
-56,0
-56,0
-56,0
-56,0
-56,0
-56,0
-56,0
-56,0
-9,5163
-56,0
-56,0
-56,0
-56,0
-56,0
-56,0
-56,0
-56,0
-56,0
-56,0
-56,0
-56,0
-56,0
-56,0
-56,0
-56,0
-56,0
-56,0
-56,0
-9,17968
-56,0
-56,0
-56,0
-56,0
-56,0
-56,0
-56,0
-56,0
-56,0
-56,0
-56,0
-56,0
-56,0
-56,0
-56,0
-56,0
-56,0
-56,0
-56,0
-9,7788
-56,0
-56,0
-56,0
-56,0
-56,0
-56,0
-56,0
-56,0
-56,0
-56,0
-56,0
-56,0
-56,0
-56,0
-56,0
-56,0
-56,0
-56,0
-56,0
-9,18609
-56,0
-56,0
-56,0
-56,0
-56,0
-56,0
-56,0
-56,0
-56,0
-56,0
-56,0
-56,0
-56,0
-56,0
-56,0
-56,0
-56,0
-56,0
-56,0
-9,4417
-56,0
-56,0
-56,0
-56,0
-56,0
-56,0
-56,0
-56,0
-56,0
-56,0
-56,0
-56,0
-56,0
-56,0
-56,0
-56,0
-56,0
-56,0
-56,0
-9,25248
-56,0
-56,0
-56,0
-56,0
-56,0
-56,0
-56,0
-56,0
-56,0
-56,0
-56,0
-56,0
-56,0
-56,0
-56,0
-56,0
-56,0
-56,0
-9,52589
-56,0
-56,0
-56,0
-56,0
-56,0
-56,0
-56,0
-56,0
-56,0
-56,0
-56,0
-56,0
-56,0
-56,0
-56,0
-56,0
-56,0
-56,0
-56,0
-9,47407
-56,0
-56,0
-56,0
-56,0
-56,0
-56,0
-56,0
-56,0
-56,0
-56,0
-56,0
-56,0
-56,0
-56,0
-56,0
-56,0
-56,0
-56,0
-56,0
-9,42232
-56,0
-56,0
-56,0
-56,0
-56,0
-56,0
-56,0
-56,0
-56,0
-56,0
-56,0
-56,0
-56,0
-56,0
-56,0
-56,0
-56,0
-56,0
-56,0
-9,55054
-56,0
-56,0
-56,0
-56,0
-56,0
-56,0
-56,0
-56,0
-56,0
-56,0
-56,0
-56,0
-56,0
-56,0
-56,0
-56,0
-56,0
-56,0
-56,0
-9,41873
-56,0
-56,0
-56,0
-56,0
-56,0
-56,0
-56,0
-56,0
-56,0
-56,0
-56,0
-56,0
-56,0
-56,0
-56,0
-56,0
-56,0
-56,0
-56,0
-9,32679
-56,0
-56,0
-56,0
-56,0
-56,0
-56,0
-56,0
-56,0
-56,0
-56,0
-56,0
-56,0
-56,0
-56,0
-56,0
-56,0
-56,0
-56,0
-56,0
-9,17497
-56,0
-56,0
-56,0
-56,0
-56,0
-56,0
-56,0
-56,0
-56,0
-56,0
-56,0
-56,0
-56,0
-56,0
-56,0
-56,0
-56,0
-56,0
-56,0
-10,44324
-56,0
-56,0
-56,0
-56,0
-56,0
-56,0
-56,0
-56,0
-56,0
-56,0
-56,0
-56,0
-56,0
-56,0
-56,0
-56,0
-56,0
-56,0
-56,0
-9,13133
-56,0
-56,0
-56,0
-56,0
-56,0
-56,0
-56,0
-56,0
-56,0
-56,0
-56,0
-56,0
-56,0
-56,0
-56,0
-56,0
-56,0
-56,0
-9,62497
-56,0
-56,0
-56,0
-56,0
-56,0
-56,0
-56,0
-56,0
-56,0
-56,0
-56,0
-56,0
-56,0
-56,0
-56,0
-56,0
-56,0
-56,0
-56,0
-56,0
-9,6774
-56,0
-56,0
-56,0
-56,0
-56,0
-56,0
-56,0
-56,0
-56,0
-56,0
-56,0
-56,0
-56,0
-56,0
-56,0
-56,0
-56,0
-56,0
-56,0
-9,589
-56,0
-56,0
-56,0
-56,0
-56,0
-56,0
-56,0
-56,0
-56,0
-56,0
-56,0
-56,0
-56,0
-56,0
-56,0
-56,0
-56,0
-56,0
-56,0
-9,1415
-56,0
-56,0
-56,0
-56,0
-56,0
-56,0
-56,0
-56,0
-56,0
-56,0
-56,0
-56,0
-56,0
-56,0
-56,0
-56,0
-56,0
-56,0
-9,47783
-56,0
-56,0
-56,0
-56,0
-56,0
-56,0
-56,0
-56,0
-56,0
-56,0
-56,0
-56,0
-56,0
-56,0
-56,0
-56,0
-56,0
-56,0
-56,0
-9,60591
-56,0
-56,0
-56,0
-56,0
-56,0
-56,0
-56,0
-56,0
-56,0
-56,0
-56,0
-56,0
-56,0
-56,0
-56,0
-56,0
-56,0
-56,0
-56,0
-56,0
-9,870
-56,0
-56,0
-56,0
-56,0
-56,0
-56,0
-56,0
-56,0
-56,0
-56,0
-56,0
-56,0
-56,0
-56,0
-56,0
-56,0
-56,0
-56,0
-9,32220
-56,0
-56,0
-56,0
-56,0
-56,0
-56,0
-56,0
-56,0
-56,0
-56,0
-56,0
-56,0
-56,0
-56,0
-56,0
-56,0
-56,0
-56,0
-56,0
-9,53045
-56,0
-56,0
-56,0
-56,0
-56,0
-56,0
-56,0
-56,0
-56,0
-56,0
-56,0
-56,0
-56,0
-56,0
-56,0
-56,0
-56,0
-56,0
-56,0
-9,31849
-56,0
-56,0
-56,0
-56,0
-56,0
-56,0
-56,0
-56,0
-56,0
-56,0
-56,0
-56,0
-56,0
-56,0
-56,0
-56,0
-56,0
-56,0
-56,0
-9,16687
-56,0
-56,0
-56,0
-56,0
-56,0
-56,0
-56,0
-56,0
-56,0
-56,0
-56,0
-56,0
-56,0
-56,0
-56,0
-56,0
-56,0
-56,0
-56,0
-9,18486
-56,0
-56,0
-56,0
-56,0
-56,0
-56,0
-56,0
-56,0
-56,0
-56,0
-56,0
-56,0
-56,0
-56,0
-56,0
-56,0
-56,0
-56,0
-56,0
-9,23312
-56,0
-56,0
-56,0
-56,0
-56,0
-56,0
-56,0
-56,0
-56,0
-56,0
-56,0
-56,0
-56,0
-56,0
-56,0
-56,0
-56,0
-56,0
-9,56671
-56,0
-56,0
-56,0
-56,0
-56,0
-56,0
-56,0
-56,0
-56,0
-56,0
-56,0
-56,0
-56,0
-56,0
-56,0
-56,0
-56,0
-56,0
-56,0
-9,45484
-56,0
-56,0
-56,0
-56,0
-56,0
-56,0
-56,0
-56,0
-56,0
-56,0
-56,0
-56,0
-56,0
-56,0
-56,0
-56,0
-56,0
-56,0
-56,0
-56,0
-9,2771
-56,0
-56,0
-56,0
-56,0
-56,0
-56,0
-56,0
-56,0
-56,0
-56,0
-56,0
-56,0
-56,0
-56,0
-56,0
-56,0
-56,0
-56,0
-9,57112
-56,0
-56,0
-56,0
-56,0
-56,0
-56,0
-56,0
-56,0
-56,0
-56,0
-56,0
-56,0
-56,0
-56,0
-56,0
-56,0
-56,0
-56,0
-56,0
-9,41942
-56,0
-56,0
-56,0
-56,0
-56,0
-56,0
-56,0
-56,0
-56,0
-56,0
-56,0
-56,0
-56,0
-56,0
-56,0
-56,0
-56,0
-56,0
-56,0
-9,38759
-56,0
-56,0
-56,0
-56,0
-56,0
-56,0
-56,0
-56,0
-56,0
-56,0
-56,0
-56,0
-56,0
-56,0
-56,0
-56,0
-56,0
-56,0
-56,0
-10,24580
-56,0
-56,0
-56,0
-56,0
-56,0
-56,0
-56,0
-56,0
-56,0
-56,0
-56,0
-56,0
-56,0
-56,0
-56,0
-56,0
-56,0
-56,0
-56,0
-9,53398
-56,0
-56,0
-56,0
-56,0
-56,0
-56,0
-56,0
-56,0
-56,0
-56,0
-56,0
-56,0
-56,0
-56,0
-56,0
-56,0
-56,0
-56,0
-56,0
-9,41215
-56,0
-56,0
-56,0
-56,0
-56,0
-56,0
-56,0
-56,0
-56,0
-56,0
-56,0
-56,0
-56,0
-56,0
-56,0
-56,0
-56,0
-56,0
-56,0
-56,0
-9,2483
-56,0
-56,0
-56,0
-56,0
-56,0
-56,0
-56,0
-56,0
-56,0
-56,0
-56,0
-56,0
-56,0
-56,0
-56,0
-56,0
-56,0
-56,0
-56,0
-9,53313
-56,0
-56,0
-56,0
-56,0
-56,0
-56,0
-56,0
-56,0
-56,0
-56,0
-56,0
-56,0
-56,0
-56,0
-56,0
-56,0
-56,0
-56,0
-56,0
-9,39119
-56,0
-56,0
-56,0
-56,0
-56,0
-56,0
-56,0
-56,0
-56,0
-56,0
-56,0
-56,0
-56,0
-56,0
-56,0
-56,0
-56,0
-56,0
-56,0
-9,44946
-56,0
-56,0
-56,0
-56,0
-56,0
-56,0
-56,0
-56,0
-56,0
-56,0
-56,0
-56,0
-56,0
-56,0
-56,0
-56,0
-56,0
-56,0
-56,0
-9,19762
-56,0
-56,0
-56,0
-56,0
-56,0
-56,0
-56,0
-56,0
-56,0
-56,0
-56,0
-56,0
-56,0
-56,0
-56,0
-56,0
-56,0
-56,0
-56,0
-9,8573
-56,0
-56,0
-56,0
-56,0
-56,0
-56,0
-56,0
-56,0
-56,0
-56,0
-56,0
-56,0
-56,0
-56,0
-56,0
-56,0
-56,0
-56,0
-56,0
-9,30400
-56,0
-56,0
-56,0
-56,0
-56,0
-56,0
-56,0
-56,0
-56,0
-56,0
-56,0
-56,0
-56,0
-56,0
-56,0
-56,0
-56,0
-56,0
-56,0
-9,1211
-56,0
-56,0
-56,0
-56,0
-56,0
-56,0
-56,0
-56,0
-56,0
-56,0
-56,0
-56,0
-56,0
-56,0
-56,0
-56,0
-56,0
-56,0
-9,57573
-56,0
-56,0
-56,0
-56,0
-56,0
-56,0
-56,0
-56,0
-56,0
-56,0
-56,0
-56,0
-56,0
-56,0
-56,0
-56,0
-56,0
-56,0
-56,0
-9,57381
-56,0
-56,0
-56,0
-56,0
-56,0
-56,0
-56,0
-56,0
-56,0
-56,0
-56,0
-56,0
-56,0
-56,0
-56,0
-56,0
-56,0
-56,0
-56,0
-9,62199
-56,0
-56,0
-56,0
-56,0
-56,0
-56,0
-56,0
-56,0
-56,0
-56,0
-56,0
-56,0
-56,0
-56,0
-56,0
-56,0
-56,0
-56,0
-56,0
-9,39041
-56,0
-56,0
-56,0
-56,0
-56,0
-56,0
-56,0
-56,0
-56,0
-56,0
-56,0
-56,0
-56,0
-56,0
-56,0
-56,0
-56,0
-56,0
-56,0
-9,41835
-56,0
-56,0
-56,0
-56,0
-56,0
-56,0
-56,0
-56,0
-56,0
-56,0
-56,0
-56,0
-56,0
-56,0
-56,0
-56,0
-56,0
-56,0
-56,0
-9,33657
-56,0
-56,0
-56,0
-56,0
-56,0
-56,0
-56,0
-56,0
-56,0
-56,0
-56,0
-56,0
-56,0
-56,0
-56,0
-56,0
-56,0
-56,0
-56,0
-9,17485
-56,0
-56,0
-56,0
-56,0
-56,0
-56,0
-56,0
-56,0
-56,0
-56,0
-56,0
-56,0
-56,0
-56,0
-56,0
-56,0
-56,0
-56,0
-56,0
-9,39303
-56,0
-56,0
-56,0
-56,0
-56,0
-56,0
-56,0
-56,0
-56,0
-56,0
-56,0
-56,0
-56,0
-56,0
-56,0
-56,0
-56,0
-56,0
-56,0
-9,29110
-56,0
-56,0
-56,0
-56,0
-56,0
-56,0
-56,0
-56,0
-56,0
-56,0
-56,0
-56,0
-56,0
-56,0
-56,0
-56,0
-56,0
-56,0
-56,0
-9,2937
-56,0
-56,0
-56,0
-56,0
-56,0
-56,0
-56,0
-56,0
-56,0
-56,0
-56,0
-56,0
-56,0
-56,0
-56,0
-56,0
-56,0
-56,0
-56,0
-10,52753
-56,0
-56,0
-56,0
-56,0
-56,0
-56,0
-56,0
-56,0
-56,0
-56,0
-56,0
-56,0
-56,0
-56,0
-56,0
-56,0
-56,0
-56,0
-56,0
-56,0
-9,25027
-56,0
-56,0
-56,0
-56,0
-56,0
-56,0
-56,0
-56,0
-56,0
-56,0
-56,0
-56,0
-56,0
-56,0
-56,0
-56,0
-56,0
-56,0
-56,0
-9,13843
-56,0
-56,0
-56,0
-56,0
-56,0
-56,0
-56,0
-56,0
-56,0
-56,0
-56,0
-56,0
-56,0
-56,0
-56,0
-56,0
-56,0
-56,0
-9,61207
-56,0
-56,0
-56,0
-56,0
-56,0
-56,0
-56,0
-56,0
-56,0
-56,0
-56,0
-56,0
-56,0
-56,0
-56,0
-56,0
-56,0
-56,0
-56,0
-56,0
-9,14479
-56,0
-56,0
-56,0
-56,0
-56,0
-56,0
-56,0
-56,0
-56,0
-56,0
-56,0
-56,0
-56,0
-56,0
-56,0
-56,0
-56,0
-56,0
-9,56857
-56,0
-56,0
-56,0
-56,0
-56,0
-56,0
-56,0
-56,0
-56,0
-56,0
-56,0
-56,0
-56,0
-56,0
-56,0
-56,0
-56,0
-56,0
-56,0
-56,0
-9,3116
-56,0
-56,0
-56,0
-56,0
-56,0
-56,0
-56,0
-56,0
-56,0
-56,0
-56,0
-56,0
-56,0
-56,0
-56,0
-56,0
-56,0
-56,0
-9,62483
-56,0
-56,0
-56,0
-56,0
-56,0
-56,0
-56,0
-56,0
-56,0
-56,0
-56,0
-56,0
-56,0
-56,0
-56,0
-56,0
-56,0
-56,0
-56,0
-9,45297
-56,0
-56,0
-56,0
-56,0
-56,0
-56,0
-56,0
-56,0
-56,0
-56,0
-56,0
-56,0
-56,0
-56,0
-56,0
-56,0
-56,0
-56,0
-56,0
-9,48105
-56,0
-56,0
-56,0
-56,0
-56,0
-56,0
-56,0
-56,0
-56,0
-56,0
-56,0
-56,0
-56,0
-56,0
-56,0
-56,0
-56,0
-56,0
-56,0
-9,41923
-56,0
-56,0
-56,0
-56,0
-56,0
-56,0
-56,0
-56,0
-56,0
-56,0
-56,0
-56,0
-56,0
-56,0
-56,0
-56,0
-56,0
-56,0
-56,0
-9,40756
-56,0
-56,0
-56,0
-56,0
-56,0
-56,0
-56,0
-56,0
-56,0
-56,0
-56,0
-56,0
-56,0
-56,0
-56,0
-56,0
-56,0
-56,0
-56,0
-9,44568
-56,0
-56,0
-56,0
-56,0
-56,0
-56,0
-56,0
-56,0
-56,0
-56,0
-56,0
-56,0
-56,0
-56,0
-56,0
-56,0
-56,0
-56,0
-56,0
-9,36387
-56,0
-56,0
-56,0
-56,0
-56,0
-56,0
-56,0
-56,0
-56,0
-56,0
-56,0
-56,0
-56,0
-56,0
-56,0
-56,0
-56,0
-56,0
-56,0
-9,25195
-56,0
-56,0
-56,0
-56,0
-56,0
-56,0
-56,0
-56,0
-56,0
-56,0
-56,0
-56,0
-56,0
-56,0
-56,0
-56,0
-56,0
-56,0
-56,0
-9,19015
-56,0
-56,0
-56,0
-56,0
-56,0
-56,0
-56,0
-56,0
-56,0
-56,0
-56,0
-56,0
-56,0
-56,0
-56,0
-56,0
-56,0
-56,0
-56,0
-9,27840
-56,0
-56,0
-56,0
-56,0
-56,0
-56,0
-56,0
-56,0
-56,0
-56,0
-56,0
-56,0
-56,0
-56,0
-56,0
-56,0
-56,0
-56,0
-56,0
-9,10663
-56,0
-56,0
-56,0
-56,0
-56,0
-56,0
-56,0
-56,0
-56,0
-56,0
-56,0
-56,0
-56,0
-56,0
-56,0
-56,0
-56,0
-56,0
-56,0
-9,5468
-56,0
-56,0
-56,0
-56,0
-56,0
-56,0
-56,0
-56,0
-56,0
-56,0
-56,0
-56,0
-56,0
-56,0
-56,0
-56,0
-56,0
-56,0
-9,62822
-56,0
-56,0
-56,0
-56,0
-56,0
-56,0
-56,0
-56,0
-56,0
-56,0
-56,0
-56,0
-56,0
-56,0
-56,0
-56,0
-56,0
-56,0
-56,0
-9,56640
-56,0
-56,0
-56,0
-56,0
-56,0
-56,0
-56,0
-56,0
-56,0
-56,0
-56,0
-56,0
-56,0
-56,0
-56,0
-56,0
-56,0
-56,0
-56,0
-10,22468
-56,0
-56,0
-56,0
-56,0
-56,0
-56,0
-56,0
-56,0
-56,0
-56,0
-56,0
-56,0
-56,0
-56,0
-56,0
-56,0
-56,0
-56,0
-56,0
-56,0
-9,4753
-56,0
-56,0
-56,0
-56,0
-56,0
-56,0
-56,0
-56,0
-56,0
-56,0
-56,0
-56,0
-56,0
-56,0
-56,0
-56,0
-56,0
-56,0
-9,49103
-56,0
-56,0
-56,0
-56,0
-56,0
-56,0
-56,0
-56,0
-56,0
-56,0
-56,0
-56,0
-56,0
-56,0
-56,0
-56,0
-56,0
-56,0
-56,0
-9,41911
-56,0
-56,0
-56,0
-56,0
-56,0
-56,0
-56,0
-56,0
-56,0
-56,0
-56,0
-56,0
-56,0
-56,0
-56,0
-56,0
-56,0
-56,0
-56,0
-9,48744
-56,0
-56,0
-56,0
-56,0
-56,0
-56,0
-56,0
-56,0
-56,0
-56,0
-56,0
-56,0
-56,0
-56,0
-56,0
-56,0
-56,0
-56,0
-56,0
-9,39560
-56,0
-56,0
-56,0
-56,0
-56,0
-56,0
-56,0
-56,0
-56,0
-56,0
-56,0
-56,0
-56,0
-56,0
-56,0
-56,0
-56,0
-56,0
-56,0
-9,19365
-56,0
-56,0
-56,0
-56,0
-56,0
-56,0
-56,0
-56,0
-56,0
-56,0
-56,0
-56,0
-56,0
-56,0
-56,0
-56,0
-56,0
-56,0
-56,0
-9,14183
-56,0
-56,0
-56,0
-56,0
-56,0
-56,0
-56,0
-56,0
-56,0
-56,0
-56,0
-56,0
-56,0
-56,0
-56,0
-56,0
-56,0
-56,0
-9,58551
-56,0
-56,0
-56,0
-56,0
-56,0
-56,0
-56,0
-56,0
-56,0
-56,0
-56,0
-56,0
-56,0
-56,0
-56,0
-56,0
-56,0
-56,0
-56,0
-56,0
-9,25837
-56,0
-56,0
-56,0
-56,0
-56,0
-56,0
-56,0
-56,0
-56,0
-56,0
-56,0
-56,0
-56,0
-56,0
-56,0
-56,0
-56,0
-56,0
-56,0
-9,637
-56,0
-56,0
-56,0
-56,0
-56,0
-56,0
-56,0
-56,0
-56,0
-56,0
-56,0
-56,0
-56,0
-56,0
-56,0
-56,0
-56,0
-56,0
-56,0
-9,11477
-56,0
-56,0
-56,0
-56,0
-56,0
-56,0
-56,0
-56,0
-56,0
-56,0
-56,0
-56,0
-56,0
-56,0
-56,0
-56,0
-56,0
-56,0
-9,48809
-56,0
-56,0
-56,0
-56,0
-56,0
-56,0
-56,0
-56,0
-56,0
-56,0
-56,0
-56,0
-56,0
-56,0
-56,0
-56,0
-56,0
-56,0
-56,0
-9,57645
-56,0
-56,0
-56,0
-56,0
-56,0
-56,0
-56,0
-56,0
-56,0
-56,0
-56,0
-56,0
-56,0
-56,0
-56,0
-56,0
-56,0
-56,0
-56,0
-9,50459
-56,0
-56,0
-56,0
-56,0
-56,0
-56,0
-56,0
-56,0
-56,0
-56,0
-56,0
-56,0
-56,0
-56,0
-56,0
-56,0
-56,0
-56,0
-56,0
-9,25274
-56,0
-56,0
-56,0
-56,0
-56,0
-56,0
-56,0
-56,0
-56,0
-56,0
-56,0
-56,0
-56,0
-56,0
-56,0
-56,0
-56,0
-56,0
-56,0
-9,31086
-56,0
-56,0
-56,0
-56,0
-56,0
-56,0
-56,0
-56,0
-56,0
-56,0
-56,0
-56,0
-56,0
-56,0
-56,0
-56,0
-56,0
-56,0
-56,0
-9,30904
-56,0
-56,0
-56,0
-56,0
-56,0
-56,0
-56,0
-56,0
-56,0
-56,0
-56,0
-56,0
-56,0
-56,0
-56,0
-56,0
-56,0
-56,0
-56,0
-9,46730
-56,0
-56,0
-56,0
-56,0
-56,0
-56,0
-56,0
-56,0
-56,0
-56,0
-56,0
-56,0
-56,0
-56,0
-56,0
-56,0
-56,0
-56,0
-56,0
-9,7544
-56,0
-56,0
-56,0
-56,0
-56,0
-56,0
-56,0
-56,0
-56,0
-56,0
-56,0
-56,0
-56,0
-56,0
-56,0
-56,0
-56,0
-56,0
-56,0
-9,13355
-56,0
-56,0
-56,0
-56,0
-56,0
-56,0
-56,0
-56,0
-56,0
-56,0
-56,0
-56,0
-56,0
-56,0
-56,0
-56,0
-56,0
-56,0
-10,48722
-56,0
-56,0
-56,0
-56,0
-56,0
-56,0
-56,0
-56,0
-56,0
-56,0
-56,0
-56,0
-56,0
-56,0
-56,0
-56,0
-56,0
-56,0
-56,0
-56,0
-9,15008
-56,0
-56,0
-56,0
-56,0
-56,0
-56,0
-56,0
-56,0
-56,0
-56,0
-56,0
-56,0
-56,0
-56,0
-56,0
-56,0
-56,0
-56,0
-9,58345
-56,0
-56,0
-56,0
-56,0
-56,0
-56,0
-56,0
-56,0
-56,0
-56,0
-56,0
-56,0
-56,0
-56,0
-56,0
-56,0
-56,0
-56,0
-56,0
-56,0
-9,12636
-56,0
-56,0
-56,0
-56,0
-56,0
-56,0
-56,0
-56,0
-56,0
-56,0
-56,0
-56,0
-56,0
-56,0
-56,0
-56,0
-56,0
-56,0
-9,54979
-56,0
-56,0
-56,0
-56,0
-56,0
-56,0
-56,0
-56,0
-56,0
-56,0
-56,0
-56,0
-56,0
-56,0
-56,0
-56,0
-56,0
-56,0
-56,0
-9,64808
-56,0
-56,0
-56,0
-56,0
-56,0
-56,0
-56,0
-56,0
-56,0
-56,0
-56,0
-56,0
-56,0
-56,0
-56,0
-56,0
-56,0
-56,0
-56,0
-9,49629
-56,0
-56,0
-56,0
-56,0
-56,0
-56,0
-56,0
-56,0
-56,0
-56,0
-56,0
-56,0
-56,0
-56,0
-56,0
-56,0
-56,0
-56,0
-56,0
-9,7443
-56,0
-56,0
-56,0
-56,0
-56,0
-56,0
-56,0
-56,0
-56,0
-56,0
-56,0
-56,0
-56,0
-56,0
-56,0
-56,0
-56,0
-56,0
-56,0
-9,57262
-56,0
-56,0
-56,0
-56,0
-56,0
-56,0
-56,0
-56,0
-56,0
-56,0
-56,0
-56,0
-56,0
-56,0
-56,0
-56,0
-56,0
-56,0
-56,0
-9,31084
-56,0
-56,0
-56,0
-56,0
-56,0
-56,0
-56,0
-56,0
-56,0
-56,0
-56,0
-56,0
-56,0
-56,0
-56,0
-56,0
-56,0
-56,0
-56,0
-9,16892
-56,0
-56,0
-56,0
-56,0
-56,0
-56,0
-56,0
-56,0
-56,0
-56,0
-56,0
-56,0
-56,0
-56,0
-56,0
-56,0
-56,0
-56,0
-56,0
-9,16705
-56,0
-56,0
-56,0
-56,0
-56,0
-56,0
-56,0
-56,0
-56,0
-56,0
-56,0
-56,0
-56,0
-56,0
-56,0
-56,0
-56,0
-56,0
-56,0
-9,533
-56,0
-56,0
-56,0
-56,0
-56,0
-56,0
-56,0
-56,0
-56,0
-56,0
-56,0
-56,0
-56,0
-56,0
-56,0
-56,0
-56,0
-56,0
-56,0
-9,11352
-56,0
-56,0
-56,0
-56,0
-56,0
-56,0
-56,0
-56,0
-56,0
-56,0
-56,0
-56,0
-56,0
-56,0
-56,0
-56,0
-56,0
-56,0
-9,47703
-56,0
-56,0
-56,0
-56,0
-56,0
-56,0
-56,0
-56,0
-56,0
-56,0
-56,0
-56,0
-56,0
-56,0
-56,0
-56,0
-56,0
-56,0
-56,0
-56,0
-9,3987
-56,0
-56,0
-56,0
-56,0
-56,0
-56,0
-56,0
-56,0
-56,0
-56,0
-56,0
-56,0
-56,0
-56,0
-56,0
-56,0
-56,0
-56,0
-56,0
-9,7809
-56,0
-56,0
-56,0
-56,0
-56,0
-56,0
-56,0
-56,0
-56,0
-56,0
-56,0
-56,0
-56,0
-56,0
-56,0
-56,0
-56,0
-56,0
-9,60165
-56,0
-56,0
-56,0
-56,0
-56,0
-56,0
-56,0
-56,0
-56,0
-56,0
-56,0
-56,0
-56,0
-56,0
-56,0
-56,0
-56,0
-56,0
-56,0
-9,46969
-56,0
-56,0
-56,0
-56,0
-56,0
-56,0
-56,0
-56,0
-56,0
-56,0
-56,0
-56,0
-56,0
-56,0
-56,0
-56,0
-56,0
-56,0
-56,0
-9,34787
-56,0
-56,0
-56,0
-56,0
-56,0
-56,0
-56,0
-56,0
-56,0
-56,0
-56,0
-56,0
-56,0
-56,0
-56,0
-56,0
-56,0
-56,0
-56,0
-9,35603
-56,0
-56,0
-56,0
-56,0
-56,0
-56,0
-56,0
-56,0
-56,0
-56,0
-56,0
-56,0
-56,0
-56,0
-56,0
-56,0
-56,0
-56,0
-56,0
-10,6436
-56,0
-56,0
-56,0
-56,0
-56,0
-56,0
-56,0
-56,0
-56,0
-56,0
-56,0
-56,0
-56,0
-56,0
-56,0
-56,0
-56,0
-56,0
-56,0
-9,36248
-56,0
-56,0
-56,0
-56,0
-56,0
-56,0
-56,0
-56,0
-56,0
-56,0
-56,0
-56,0
-56,0
-56,0
-56,0
-56,0
-56,0
-56,0
-56,0
-9,11062
-56,0
-56,0
-56,0
-56,0
-56,0
-56,0
-56,0
-56,0
-56,0
-56,0
-56,0
-56,0
-56,0
-56,0
-56,0
-56,0
-56,0
-56,0
-56,0
-9,9880
-56,0
-56,0
-56,0
-56,0
-56,0
-56,0
-56,0
-56,0
-56,0
-56,0
-56,0
-56,0
-56,0
-56,0
-56,0
-56,0
-56,0
-56,0
-56,0
-9,9693
-56,0
-56,0
-56,0
-56,0
-56,0
-56,0
-56,0
-56,0
-56,0
-56,0
-56,0
-56,0
-56,0
-56,0
-56,0
-56,0
-56,0
-56,0
-56,0
-9,7513
-56,0
-56,0
-56,0
-56,0
-56,0
-56,0
-56,0
-56,0
-56,0
-56,0
-56,0
-56,0
-56,0
-56,0
-56,0
-56,0
-56,0
-56,0
-56,0
-9,20339
-56,0
-56,0
-56,0
-56,0
-56,0
-56,0
-56,0
-56,0
-56,0
-56,0
-56,0
-56,0
-56,0
-56,0
-56,0
-56,0
-56,0
-56,0
-9,57683
-56,0
-56,0
-56,0
-56,0
-56,0
-56,0
-56,0
-56,0
-56,0
-56,0
-56,0
-56,0
-56,0
-56,0
-56,0
-56,0
-56,0
-56,0
-56,0
-9,59512
-56,0
-56,0
-56,0
-56,0
-56,0
-56,0
-56,0
-56,0
-56,0
-56,0
-56,0
-56,0
-56,0
-56,0
-56,0
-56,0
-56,0
-56,0
-56,0
-56,0
-9,1796
-56,0
-56,0
-56,0
-56,0
-56,0
-56,0
-56,0
-56,0
-56,0
-56,0
-56,0
-56,0
-56,0
-56,0
-56,0
-56,0
-56,0
-56,0
-9,57156
-56,0
-56,0
-56,0
-56,0
-56,0
-56,0
-56,0
-56,0
-56,0
-56,0
-56,0
-56,0
-56,0
-56,0
-56,0
-56,0
-56,0
-56,0
-56,0
-9,33955
-56,0
-56,0
-56,0
-56,0
-56,0
-56,0
-56,0
-56,0
-56,0
-56,0
-56,0
-56,0
-56,0
-56,0
-56,0
-56,0
-56,0
-56,0
-56,0
-9,10782
-56,0
-56,0
-56,0
-56,0
-56,0
-56,0
-56,0
-56,0
-56,0
-56,0
-56,0
-56,0
-56,0
-56,0
-56,0
-56,0
-56,0
-56,0
-56,0
-9,44599
-56,0
-56,0
-56,0
-56,0
-56,0
-56,0
-56,0
-56,0
-56,0
-56,0
-56,0
-56,0
-56,0
-56,0
-56,0
-56,0
-56,0
-56,0
-56,0
-9,14416
-56,0
-56,0
-56,0
-56,0
-56,0
-56,0
-56,0
-56,0
-56,0
-56,0
-56,0
-56,0
-56,0
-56,0
-56,0
-56,0
-56,0
-56,0
-56,0
-9,12227
-56,0
-56,0
-56,0
-56,0
-56,0
-56,0
-56,0
-56,0
-56,0
-56,0
-56,0
-56,0
-56,0
-56,0
-56,0
-56,0
-56,0
-56,0
-56,0
-9,20060
-56,0
-56,0
-56,0
-56,0
-56,0
-56,0
-56,0
-56,0
-56,0
-56,0
-56,0
-56,0
-56,0
-56,0
-56,0
-56,0
-56,0
-56,0
-56,0
-9,27872
-56,0
-56,0
-56,0
-56,0
-56,0
-56,0
-56,0
-56,0
-56,0
-56,0
-56,0
-56,0
-56,0
-56,0
-56,0
-56,0
-56,0
-56,0
-9,45232
-56,0
-56,0
-56,0
-56,0
-56,0
-56,0
-56,0
-56,0
-56,0
-56,0
-56,0
-56,0
-56,0
-56,0
-56,0
-56,0
-56,0
-56,0
-56,0
-56,0
-9,501
-56,0
-56,0
-56,0
-56,0
-56,0
-56,0
-56,0
-56,0
-56,0
-56,0
-56,0
-56,0
-56,0
-56,0
-56,0
-56,0
-56,0
-56,0
-56,0
-9,8326
-56,0
-56,0
-56,0
-56,0
-56,0
-56,0
-56,0
-56,0
-56,0
-56,0
-56,0
-56,0
-56,0
-56,0
-56,0
-56,0
-56,0
-56,0
-9,34689
-56,0
-56,0
-56,0
-56,0
-56,0
-56,0
-56,0
-56,0
-56,0
-56,0
-56,0
-56,0
-56,0
-56,0
-56,0
-56,0
-56,0
-56,0
-56,0
-56,0
-56,0
-56,0
-56,0
-56,0
-56,0
-56,0
-56,0
-56,0
-56,0
-56,0
-56,0
-56,0
-56,0
-56,0
-56,0
-56,0
-56,0
-56,0
-56,0
-56,0
-56,0
-56,0
-56,0
-56,0
-56,0
-56,0
-56,0
-56,0
-56,0
-56,0
-56,0
-56,0
-56,0
-56,0
-56,0
-56,0
-56,0
-56,0
-56,0
-56,0
-56,0
-56,0
-56,0
-56,0
-56,0
-56,0
-56,0
-56,0
-56,0
-56,0
-56,0
-56,0
-56,0
-56,0
-56,0
-56,0
-56,0
-56,0
-56,0
-56,0
-56,0
-56,0
-56,0
-56,0
-56,0
-56,0
-56,0
-56,0
-56,0
-56,0
-56,0
-56,0
-56,0
-56,0
-56,0
-56,0
-56,0
-56,0
-56,0
-56,0
-56,0
-56,0
-56,0
-56,0
-56,0
-56,0
-56,0
-56,0
-56,0
-56,0
-56,0
-56,0
-56,0
-56,0
-56,0
-56,0
-56,0
-56,0
-56,0
-56,0
-56,0
-56,0
-56,0
-56,0
-56,0
-56,0
-56,0
-56,0
-56,0
-56,0
-56,0
-56,0
-56,0
-56,0
-56,0
-56,0
-56,0
-56,0
-56,0
-56,0
-56,0
-56,0
-56,0
-56,0
-56,0
-56,0
-56,0
-56,0
-56,0
-56,0
-56,0
-56,0
-56,0
-56,0
-56,0
-56,0
-56,0
-56,0
-56,0
-56,0
-56,0
-56,0
-56,0
-56,0
-56,0
-56,0
-56,0
-56,0
-56,0
-56,0
-56,0
-56,0
-56,0
-56,0
-56,0
-56,0
-56,0
-56,0
-56,0
-56,0
-56,0
-56,0
-56,0
-56,0
-56,0
-56,0
-56,0
-56,0
-56,0
-56,0
-56,0
-56,0
-56,0
-56,0
-56,0
-56,0
-56,0
-56,0
-56,0
-56,0
-56,0
-56,0
-56,0
-56,0
-56,0
-56,0
-56,0
-56,0
-56,0
-56,0
-56,0
-56,0
-56,0
-56,0
-56,0
-56,0
-56,0
-56,0
-56,0
-56,0
-56,0
-56,0
-56,0
-56,0
-56,0
-56,0
-56,0
-56,0
-56,0
-56,0
-56,0
-56,0
-56,0
-56,0
-56,0
-56,0
-56,0
-56,0
-56,0
-56,0
-56,0
-56,0
-56,0
-56,0
-56,0
-56,0
-56,0
-56,0
-56,0
-56,0
-56,0
-56,0
-56,0
-56,0
-56,0
-56,0
-56,0
-56,0
-56,0
-56,0
-56,0
-56,0
-56,0
-56,0
-56,0
-56,0
-56,0
-56,0
-56,0
-56,0
-56,0
-56,0
-56,0
-56,0
-56,0
-56,0
-56,0
-56,0
-56,0
-56,0
-56,0
-56,0
-56,0
-56,0
-56,0
-56,0
-56,0
-56,0
-56,0
-56,0
-56,0
-56,0
-56,0
-56,0
-56,0
-56,0
-56,0
-56,0
-56,0
-56,0
-56,0
-56,0
-56,0
-56,0
-56,0
-56,0
-56,0
-56,0
-56,0
-56,0
-56,0
-56,0
-56,0
-56,0
-56,0
-56,0
-56,0
-56,0
-56,0
-56,0
-56,0
-56,0
-56,0
-56,0
-56,0
-56,0
-56,0
-56,0
-56,0
-56,0
-56,0
-56,0
-56,0
-56,0
-56,0
-56,0
-56,0
-56,0
-56,0
-56,0
-56,0
-56,0
-56,0
-56,0
-56,0
-56,0
-56,0
-56,0
-56,0
-56,0
-56,0
-56,0
-56,0
-56,0
-56,0
-56,0
-56,0
-56,0
-56,0
-56,0
-56,0
-56,0
-56,0
-56,0
-56,0
-56,0
-56,0
-56,0
-56,0
-56,0
-56,0
-56,0
-56,0
-56,0
-56,0
-56,0
-56,0
-56,0
-56,0
-56,0
-56,0
-56,0
-56,0
-56,0
-56,0
-56,0
-56,0
-56,0
-56,0
-56,0
-56,0
-56,0
-56,0
-56,0
-56,0
-56,0
-56,0
-56,0
-56,0
-56,0
-56,0
-56,0
-56,0
-56,0
-56,0
-56,0
-56,0
-56,0
-56,0
-56,0
-56,0
-56,0
-56,0
-56,0
-56,0
-56,0
-56,0
-56,0
-56,0
-56,0
-56,0
-56,0
-56,0
-56,0
-56,0
-56,0
-56,0
-56,0
-56,0
-56,0
-56,0
-56,0
-56,0
-56,0
-56,0
-56,0
-56,0
-56,0
-56,0
-56,0
-56,0
-56,0
-56,0
-56,0
-56,0
-56,0
-56,0
-56,0
-56,0
-56,0
-56,0
-56,0
-56,0
-56,0
-56,0
-56,0
-56,0
-56,0
-56,0
-56,0
-56,0
-56,0
-56,0
-56,0
-56,0
-56,0
-56,0
-56,0
-56,0
-56,0
-56,0
-56,0
-56,0
-56,0
-56,0
-56,0
-56,0
-56,0
-56,0
-56,0
-56,0
-56,0
-56,0
-56,0
-56,0
-56,0
-56,0
-56,0
-56,0
-56,0
-56,0
-56,0
-56,0
-56,0
-56,0
-56,0
-56,0
-56,0
-56,0
-56,0
-56,0
-56,0
-56,0
-56,0
-56,0
-56,0
-56,0
-56,0
-56,0
-56,0
-56,0
-56,0
-56,0
-56,0
-56,0
-56,0
-56,0
-56,0
-56,0
-56,0
-56,0
-56,0
-56,0
-56,0
-56,0
-56,0
-56,0
-56,0
-56,0
-56,0
-56,0
-56,0
-56,0
-56,0
-56,0
-56,0
-56,0
-56,0
-56,0
-56,0
-56,0
-56,0
-56,0
-56,0
-56,0
-56,0
-56,0
-56,0
-56,0
-56,0
-56,0
-56,0
-56,0
-56,0
-56,0
-56,0
-56,0
-56,0
-56,0
-56,0
-56,0
-56,0
-56,0
-56,0
-56,0
-56,0
-56,0
-56,0
-56,0
-56,0
-56,0
-56,0
-56,0
-56,0
-56,0
-56,0
-56,0
-56,0
-56,0
-56,0
-56,0
-56,0
-56,0
-56,0
-56,0
-56,0
-56,0
-56,0
-56,0
-56,0
-56,0
-56,0
-56,0
-56,0
-56,0
-56,0
-56,0
-56,0
-56,0
-56,0
-56,0
-56,0
-56,0
-56,0
-56,0
-56,0
-56,0
-56,0
-56,0
-56,0
-56,0
-56,0
-56,0
-56,0
-56,0
-56,0
-56,0
-56,0
-56,0
-56,0
-56,0
-56,0
-56,0
-56,0
-56,0
-56,0
-56,0
-56,0
-56,0
-56,0
-56,0
-56,0
-56,0
-56,0
-56,0
-56,0
-56,0
-56,0
-56,0
-56,0
-56,0
-56,0
-56,0
-56,0
-56,0
-56,0
-56,0
-56,0
-56,0
-56,0
-56,0
-56,0
-56,0
-56,0
-56,0
-56,0
-56,0
-56,0
-56,0
-56,0
-56,0
-56,0
-56,0
-56,0
-56,0
-56,0
-56,0
-56,0
-56,0
-56,0
-56,0
-56,0
-56,0
-56,0
-56,0
-56,0
-56,0
-56,0
-56,0
-56,0
-56,0
-56,0
-56,0
-56,0
-56,0
-56,0
-56,0
-56,0
-56,0
-56,0
-56,0
-56,0
-56,0
-56,0
-56,0
-56,0
-56,0
-56,0
-56,0
-56,0
-56,0
-56,0
-56,0
-56,0
-56,0
-56,0
-56,0
-56,0
-56,0
-56,0
-56,0
-56,0
-56,0
-56,0
-56,0
-56,0
-56,0
-56,0
-56,0
-56,0
-56,0
-56,0
-56,0
-56,0
-56,0
-56,0
-56,0
-56,0
-56,0
-56,0
-56,0
-56,0
-56,0
-56,0
-56,0
-56,0
-56,0
-56,0
-56,0
-56,0
-56,0
-56,0
-56,0
-56,0
-56,0
-56,0
-56,0
-56,0
-56,0
-56,0
-56,0
-56,0
-56,0
-56,0
-56,0
-56,0
-56,0
-56,0
-56,0
-56,0
-56,0
-56,0
-56,0
-56,0
-56,0
-56,0
-56,0
-56,0
-56,0
-56,0
-56,0
-56,0
-56,0
-56,0
-56,0
-56,0
-56,0
-56,0
-56,0
-56,0
-56,0
-56,0
-56,0
-56,0
-56,0
-56,0
-56,0
-56,0
-56,0
-56,0
-56,0
-56,0
-56,0
-56,0
-56,0
-56,0
-56,0
-56,0
-56,0
-56,0
-56,0
-56,0
-56,0
-56,0
-56,0
-56,0
-56,0
-56,0
-56,0
-56,0
-56,0
-56,0
-56,0
-56,0
-56,0
-56,0
-56,0
-56,0
-56,0
-56,0
-56,0
-56,0
-56,0
-56,0
-56,0
-56,0
-56,0
-56,0
-56,0
-56,0
-56,0
-56,0
-56,0
-56,0
-56,0
-56,0
-56,0
-56,0
-56,0
-56,0
-56,0
-56,0
-56,0
-56,0
-56,0
-56,0
-56,0
-56,0
-56,0
-56,0
-56,0
-56,0
-56,0
-56,0
-56,0
-56,0
-56,0
-56,0
-56,0
-56,0
-56,0
-56,0
-56,0
-56,0
-56,0
-56,0
-56,0
-56,0
-56,0
-56,0
-56,0
-56,0
-56,0
-56,0
-56,0
-56,0
-56,0
-56,0
-56,0
-56,0
-56,0
-56,0
-56,0
-56,0
-56,0
-56,0
-56,0
-56,0
-56,0
-56,0
-56,0
-56,0
-56,0
-56,0
-56,0
-56,0
-56,0
-56,0
-56,0
-56,0
-56,0
-56,0
-56,0
-56,0
-56,0
-56,0
-56,0
-56,0
-56,0
-56,0
-56,0
-56,0
-56,0
-56,0
-56,0
-56,0
-56,0
-56,0
-56,0
-56,0
-56,0
-56,0
-56,0
-56,0
-56,0
-56,0
-56,0
-56,0
-56,0
-56,0
-56,0
-56,0
-56,0
-56,0
-56,0
-56,0
-56,0
-56,0
-56,0
-56,0
-56,0
-56,0
-56,0
-56,0
-56,0
-56,0
-56,0
-56,0
-56,0
-56,0
-56,0
-56,0
-56,0
-56,0
-56,0
-56,0
-56,0
-56,0
-56,0
-56,0
-56,0
-56,0
-56,0
-56,0
-56,0
-56,0
-56,0
-56,0
-56,0
-56,0
-56,0
-56,0
-56,0
-56,0
-56,0
-56,0
-56,0
-56,0
-56,0
-56,0
-56,0
-56,0
-56,0
-56,0
-56,0
-56,0
-56,0
-56,0
-56,0
-56,0
-56,0
-56,0
-56,0
-56,0
-56,0
-56,0
-56,0
-56,0
-56,0
-56,0
-56,0
-56,0
-56,0
-56,0
-56,0
-56,0
-56,0
-56,0
-56,0
-56,0
-56,0
-56,0
-56,0
-56,0
-56,0
-56,0
-56,0
-56,0
-56,0
-56,0
-56,0
-56,0
-56,0
-56,0
-56,0
-56,0
-56,0
-56,0
-56,0
-56,0
-56,0
-56,0
-56,0
-56,0
-56,0
-56,0
-56,0
-56,0
-56,0
-56,0
-56,0
-56,0
-56,0
-56,0
-56,0
-56,0
-56,0
-56,0
-56,0
-56,0
-56,0
-56,0
-56,0
-56,0
-56,0
-56,0
-56,0
-56,0
-56,0
-56,0
-56,0
-56,0
-56,0
-56,0
-56,0
-56,0
-56,0
-56,0
-56,0
-56,0
-56,0
-56,0
-56,0
-56,0
-56,0
-56,0
-56,0
-56,0
-56,0
-56,0
-56,0
-56,0
-56,0
-56,0
-56,0
-56,0
-56,0
-56,0
-56,0
-56,0
-56,0
-56,0
-56,0
-56,0
-56,0
-56,0
-56,0
-56,0
-56,0
-56,0
-56,0
-56,0
-56,0
-56,0
-56,0
-56,0
-56,0
-56,0
-56,0
-56,0
-56,0
-56,0
-56,0
-56,0
-56,0
-56,0
-56,0
-56,0
-56,0
-56,0
-56,0
-56,0
-56,0
-56,0
-56,0
-56,0
-56,0
-56,0
-56,0
-56,0
-56,0
-56,0
-56,0
-56,0
-56,0
-56,0
-56,0
-56,0
-56,0
-56,0
-56,0
-56,0
-56,0
-56,0
-56,0
-56,0
-56,0
-56,0
-56,0
-56,0
-56,0
-56,0
-56,0
-56,0
-56,0
-56,0
-56,0
-56,0
-56,0
-56,0
-56,0
-56,0
-56,0
-56,0
-56,0
-56,0
-56,0
-56,0
-56,0
-56,0
-56,0
-56,0
-56,0
-56,0
-56,0
-56,0
-56,0
-56,0
-56,0
-56,0
-56,0
-56,0
-56,0
-56,0
-56,0
-56,0
-56,0
-56,0
-56,0
-56,0
-56,0
-56,0
-56,0
-56,0
-56,0
-56,0
-56,0
-56,0
-56,0
-56,0
-56,0
-56,0
-56,0
-56,0
-56,0
-56,0
-56,0
-56,0
-56,0
-56,0
-56,0
-56,0
-56,0
-56,0
-56,0
-56,0
-56,0
-56,0
-56,0
-56,0
-56,0
-56,0
-56,0
-56,0
-56,0
-56,0
-56,0
-56,0
-56,0
-56,0
-56,0
-56,0
-56,0
-56,0
-56,0
-56,0
-56,0
-56,0
-56,0
-56,0
-56,0
-56,0
-56,0
-56,0
-56,0
-56,0
-56,0
-56,0
-56,0
-56,0
-56,0
-56,0
-56,0
-56,0
-56,0
-56,0
-56,0
-56,0
-56,0
-56,0
-56,0
-56,0
-56,0
-56,0
-56,0
-56,0
-56,0
-56,0
-56,0
-56,0
-56,0
-56,0
-56,0
-56,0
-56,0
-56,0
-56,0
-56,0
-56,0
-56,0
-56,0
-56,0
-56,0
-56,0
-56,0
-56,0
-56,0
-56,0
-56,0
-56,0
-56,0
-56,0
-56,0
-56,0
-56,0
-56,0
-56,0
-56,0
-56,0
-56,0
-56,0
-56,0
-56,0
-56,0
-56,0
-56,0
-56,0
-56,0
-56,0
-56,0
-56,0
-56,0
-56,0
-56,0
-56,0
-56,0
-56,0
-56,0
-56,0
-56,0
-56,0
-56,0
-56,0
-56,0
-56,0
-56,0
-56,0
-56,0
-56,0
-56,0
-56,0
-56,0
-56,0
-56,0
-56,0
-56,0
-56,0
-56,0
-56,0
-56,0
-56,0
-56,0
-56,0
-56,0
-56,0
-56,0
-56,0
-56,0
-56,0
-56,0
-56,0
-56,0
-56,0
-56,0
-56,0
-56,0
-56,0
-56,0
-56,0
-56,0
-56,0
-56,0
-56,0
-56,0
-56,0
-56,0
-56,0
-56,0
-56,0
-56,0
-56,0
-56,0
-56,0
-56,0
-56,0
-56,0
-56,0
-56,0
-56,0
-56,0
-56,0
-56,0
-56,0
-56,0
-56,0
-56,0
-56,0
-56,0
-56,0
-56,0
-56,0
-56,0
-56,0
-56,0
-56,0
-56,0
-56,0
-56,0
-56,0
-56,0
-56,0
-56,0
-56,0
-56,0
-56,0
-56,0
-56,0
-56,0
-56,0
-56,0
-56,0
-56,0
-56,0
-56,0
-56,0
-56,0
-56,0
-56,0
-56,0
-56,0
-56,0
-56,0
-56,0
-56,0
-56,0
-56,0
-56,0
-56,0
-56,0
-56,0
-56,0
-56,0
-56,0
-56,0
-56,0
-56,0
-56,0
-56,0
-56,0
-56,0
-56,0
-56,0
-56,0
-56,0
-56,0
-56,0
-56,0
-56,0
-56,0
-56,0
-56,0
-56,0
-56,0
-56,0
-56,0
-56,0
-56,0
-56,0
-56,0
-56,0
-56,0
-56,0
-56,0
-56,0
-56,0
-56,0
-56,0
-56,0
-56,0
-56,0
-56,0
-56,0
-56,0
-56,0
-56,0
-56,0
-56,0
-56,0
-56,0
-56,0
-56,0
-56,0
-56,0
-56,0
-56,0
-56,0
-56,0
-56,0
-56,0
-56,0
-56,0
-56,0
-56,0
-56,0
-56,0
-56,0
-56,0
-56,0
-56,0
-56,0
-56,0
-56,0
-56,0
-56,0
-56,0
-56,0
-56,0
-56,0
-56,0
-56,0
-56,0
-56,0
-56,0
-56,0
-56,0
-56,0
-56,0
-56,0
-56,0
-56,0
-56,0
-56,0
-56,0
-56,0
-56,0
-56,0
-56,0
-56,0
-56,0
-56,0
-56,0
-56,0
-56,0
-56,0
-56,0
-56,0
-56,0
-56,0
-56,0
-56,0
-56,0
-56,0
-56,0
-56,0
-56,0
-0,29933
-0,29933
----------------------------------------
Read complete
The amount of data was 132120576 B
The amount of data was 126 MB
The read took 32519 ms
The transfer speed was 3.87466 MB/s
